10000
10004
10012
10016
10020
10028
10032
10036
10040
10044
10048
10052
10056
10060
10064
10068
10072
10076
10080
10084
10088
10092
10096
10100
10104
10108
10112
10116
10120
10124
10128
10132
10136
10140
10144
10148
10152
10156
10160
10164
10168
10172
10176
10180
10184
10188
10192
10196
10200
10204
10208
10212
10216
10220
10224
10232
10236
10240
10244
10248
10252
10256
10260
10264
10268
10272
10276
10280
10284
10288
10292
10296
10300
10304
10312
10316
10320
10324
10328
10332
10336
10340
10344
10348
10352
10356
10360
10364
10368
10372
10376
10380
10388
10392
10396
10400
10408
10412
10416
10420
10424
10428
10432
10436
10440
10444
10448
10456
10460
10464
10468
10472
10484
10488
10492
10500
10508
10516
10520
10524
10528
10532
10536
10540
10548
10552
10556
10560
10564
10568
10572
10576
10580
10584
10588
10596
10600
10604
10608
10612
10616
10620
10628
10632
10636
10644
10652
10656
10660
10664
10668
10672
10680
10684
10688
10692
10696
10700
10704
10708
10712
10716
10720
10724
10728
10732
10736
10740
10744
10748
10752
10756
10760
10764
10768
10772
10776
10780
10788
10792
10796
10800
10804
10808
10812
10816
10820
10824
10828
10832
10836
10840
10844
10848
10852
10856
10860
10864
10868
10872
10876
10880
10884
10896
10900
10904
10908
10912
10924
10932
10936
10940
10944
10948
10952
10956
10960
10964
10968
10972
10976
10980
10984
10992
10996
11000
11004
11012
11016
11020
11024
11028
11032
11036
11040
11044
11048
11052
11056
11060
11064
11068
11072
11076
11080
11084
11088
11092
11096
11100
11108
11112
11116
11120
11128
11132
11136
11140
11148
11152
11156
11160
11164
11168
11172
11176
11180
11184
11188
11192
11196
11204
11212
11216
11224
11228
11232
11236
11240
11248
11252
11256
11260
11264
11268
11272
11276
11280
11284
11288
11292
11296
11300
11304
11308
11312
11316
11320
11328
11332
11336
11340
11344
11348
11352
11364
11372
11376
11380
11384
11388
11392
11396
11400
11404
11408
11412
11416
11420
11424
11428
11432
11436
11440
11444
11448
11452
11456
11460
11464
11468
11472
11480
11484
11488
11492
11496
11500
11504
11508
11512
11516
11520
11524
11528
11532
11536
11540
11544
11548
11552
11556
11560
11564
11568
11576
11580
11584
11588
11592
11596
11600
11604
11608
11612
11620
11624
11628
11632
11636
11640
11644
11648
11652
11656
11660
11664
11668
11672
11676
11680
11688
11692
11696
11700
11708
11712
11716
11720
11724
11728
11732
11736
11740
11744
11748
11752
11756
11764
11768
11772
11776
11780
11784
11788
11792
11796
11800
11804
11808
11812
11816
11820
11824
11828
11832
11836
11840
11844
11848
11852
11860
11864
11868
11872
11876
11880
11884
11888
11892
11896
11900
11904
11908
11912
11916
11920
11924
11936
11940
11948
11952
11956
11960
11964
11968
11972
11976
11980
11984
11988
11992
11996
12000
12004
12008
12012
12016
12020
12024
12028
12032
12036
12040
12044
12048
12052
12056
12068
12072
12076
12080
12084
12088
12092
12096
12100
12104
12112
12116
12120
12124
12128
12132
12136
12140
12144
12156
12160
12164
12168
12172
12176
12180
12184
12188
12192
12196
12200
12208
12212
12216
12220
12228
12232
12236
12240
12248
12252
12256
12260
12268
12272
12276
12280
12284
12288
12292
12296
12300
12304
12308
12312
12316
12320
12324
12328
12332
12336
12340
12344
12348
12356
12360
12364
12368
12372
12376
12380
12384
12388
12396
12400
12404
12408
12412
12416
12420
12424
12428
12432
12436
12440
12444
12448
12452
12456
12460
12464
12472
12476
12480
12484
12488
12492
12500
12504
12508
12512
12516
12524
12528
12532
12536
12540
12544
12548
12552
12556
12560
12568
12572
12576
12580
12584
12588
12593
12597
12601
12605
12609
12613
12617
12621
12625
12629
12633
12637
12641
12645
12649
12653
12657
12661
12665
12669
12673
12677
12681
12685
12689
12693
12697
12701
12705
12709
12713
12717
12721
12725
12729
12733
12737
12741
12745
12749
12753
12757
12761
12765
12769
12773
12777
12785
12789
12793
12797
12801
12805
12809
12813
12817
12821
12825
12829
12833
12837
12841
12845
12849
12853
12857
12861
12865
12869
12873
12877
12881
12885
12889
12893
12897
12901
12905
12909
12917
12921
12929
12933
12937
12941
12945
12949
12953
12957
12961
12965
12969
12973
12977
12981
12985
12989
12993
12997
13001
13005
13009
13013
13017
13021
13029
13033
13037
13041
13049
13053
13057
13065
13069
13073
13077
13085
13089
13093
13097
13101
13105
13109
13113
13117
13121
13125
13129
13133
13137
13141
13145
13149
13153
13157
13161
13169
13173
13177
13181
13185
13189
13193
13197
13201
13205
13213
13217
13233
13237
13241
13245
13249
13253
13265
13269
13273
13277
13281
13285
13289
13301
13305
13309
13313
13317
13321
13325
13329
13333
13337
13341
13345
13349
13353
13357
13361
13369
13377
13381
13385
13389
13397
13401
13405
13409
13413
13417
13421
13425
13429
13433
13437
13441
13445
13453
13457
13465
13469
13473
13477
13481
13485
13489
13493
13497
13501
13509
13513
13517
13521
13525
13529
13537
13545
13549
13553
13557
13561
13565
13573
13577
13581
13585
13589
13597
13601
13609
13613
13617
13621
13625
13629
13633
13637
13641
13653
13657
13661
13665
13669
13673
13677
13681
13685
13689
13693
13697
13701
13705
13713
13717
13721
13725
13729
13733
13737
13741
13749
13753
13757
13761
13769
13773
13777
13781
13785
13789
13793
13797
13801
13805
13809
13813
13817
13821
13825
13829
13833
13837
13841
13845
13849
13853
13857
13861
13865
13869
13873
13877
13881
13885
13889
13893
13897
13905
13909
13913
13917
13925
13929
13937
13941
13945
13949
13953
13957
13961
13969
13973
13977
13985
13989
13993
13997
14001
14005
14009
14013
14017
14021
14025
14029
14033
14037
14041
14045
14049
14053
14057
14061
14065
14069
14073
14077
14081
14089
14093
14097
14101
14105
14109
14113
14117
14121
14125
14129
14133
14137
14141
14145
14149
14153
14157
14161
14165
14169
14173
14177
14181
14185
14189
14193
14197
14201
14205
14209
14213
14217
14221
14225
14229
14233
14237
14245
14253
14257
14261
14265
14269
14273
14277
14281
14285
14289
14293
14297
14301
14305
14313
14317
14321
14325
14329
14333
14337
14341
14345
14349
14353
14357
14365
14369
14377
14381
14385
14389
14393
14397
14401
14405
14409
14413
14417
14421
14425
14429
14433
14437
14441
14445
14449
14457
14461
14465
14469
14473
14477
14481
14485
14489
14493
14497
14501
14505
14509
14513
14517
14521
14525
14529
14533
14537
14541
14545
14549
14553
14557
14561
14569
14573
14581
14589
14597
14601
14605
14609
14613
14617
14621
14625
14629
14633
14637
14649
14653
14657
14665
14669
14673
14685
14689
14693
14697
14705
14709
14713
14717
14721
14725
14729
14733
14737
14741
14749
14753
14761
14765
14769
14773
14777
14781
14785
14789
14793
14797
14801
14805
14809
14813
14817
14821
14825
14829
14833
14837
14841
14849
14853
14857
14861
14865
14873
14877
14881
14885
14889
14893
14901
14905
14909
14913
14917
14921
14925
14929
14945
14949
14961
14965
14969
14973
14977
14981
14985
14997
15001
15005
15009
15013
15017
15021
15025
15029
15033
15037
15041
15045
15049
15053
15057
15061
15065
15069
15073
15077
15081
15085
15089
15093
15097
15101
15105
15109
15113
15117
15121
15125
15129
15133
15141
15145
15149
15153
15157
15161
15165
15169
15173
15177
15181
15185
15189
15193
15197
15201
15205
15209
15213
15217
15221
15225
15229
15233
15237
15241
15245
15249
15253
15257
15261
15265
15273
15277
15281
15285
15289
15297
15301
15305
15309
15313
15317
15321
15325
15329
15333
15337
15341
15345
15349
15357
15361
15365
15369
15373
15377
15381
15385
15389
15393
15397
15401
15405
15409
15413
15417
15421
15425
15429
15433
15437
15445
15449
15457
15461
15465
15469
15473
15477
15481
15485
15489
15497
15501
15505
15509
15513
15517
15521
15529
15533
15537
15541
15545
15549
15553
15557
15561
15565
15573
15577
15581
15585
15589
15593
15601
15605
15609
15613
15617
15621
15625
15629
15633
15641
15645
15653
15657
15661
15669
15673
15677
15681
15689
15705
15709
15713
15717
15721
15725
15729
15733
15737
15745
15749
15753
15757
15761
15765
15769
15773
15777
15781
15789
15793
15797
15801
15805
15809
15813
15817
15821
15825
15829
15833
15837
15841
15845
15853
15857
15861
15865
15869
15873
15877
15881
15885
15889
15893
15897
15901
15905
15909
15913
15917
15921
15925
15929
15933
15937
15941
15949
15953
15957
15961
15965
15969
15973
15977
15981
15985
15989
15993
15997
16005
16009
16013
16021
16025
16029
16033
16037
16041
16045
16049
16053
16057
16061
16065
16069
16073
16081
16085
16089
16097
16101
16105
16109
16113
16117
16121
16125
16129
16137
16141
16145
16149
16153
16157
16161
16165
16169
16173
16177
16181
16185
16189
16193
16197
16201
16209
16213
16217
16221
16225
16229
16233
16237
16241
16245
16249
16253
16257
16265
16269
16273
16277
16281
16285
16289
16297
16301
16305
16309
16313
16317
16321
16325
16329
16333
16337
16341
16345
16349
16353
16361
16365
16369
16373
16377
16381
16385
16389
16393
16397
16405
16409
16413
16417
16421
16425
16429
16437
16441
16445
16449
16453
16457
16465
16469
16473
16481
16485
16489
16493
16497
16501
16505
16509
16513
16517
16521
16525
16529
16533
16537
16541
16545
16557
16561
16565
16569
16573
16577
16581
16585
16589
16593
16601
16605
16609
16613
16617
16621
16625
16629
16633
16637
16641
16645
16649
16653
16657
16661
16665
16669
16673
16677
16685
16689
16693
16697
16701
16705
16709
16713
16721
16729
16733
16737
16741
16745
16749
16757
16765
16769
16773
16777
16781
16785
16789
16793
16801
16805
16809
16813
16817
16821
16825
16829
16833
16837
16841
16845
16853
16857
16861
16865
16869
16873
16877
16881
16889
16893
16897
16901
16905
16909
16913
16917
16921
16925
16929
16933
16937
16941
16945
16949
16953
16957
16961
16965
16969
16973
16977
16981
16985
16989
16993
16997
17001
17005
17009
17013
17017
17021
17025
17029
17033
17037
17041
17049
17053
17057
17061
17065
17073
17077
17081
17085
17089
17093
17097
17101
17105
17113
17117
17121
17129
17133
17137
17141
17145
17149
17153
17157
17161
17165
17169
17173
17177
17181
17185
17193
17197
17201
17205
17209
17213
17221
17225
17229
17233
17237
17241
17245
17257
17261
17265
17269
17273
17277
17281
17285
17289
17293
17297
17301
17305
17309
17313
17317
17321
17325
17329
17333
17337
17341
17345
17349
17357
17361
17365
17369
17373
17377
17381
17389
17393
17397
17401
17405
17409
17413
17417
17425
17429
17433
17437
17441
17445
17449
17453
17461
17465
17469
17473
17477
17489
17493
17497
17501
17505
17509
17517
17521
17525
17533
17537
17541
17545
17549
17553
17557
17561
17565
17569
17573
17577
17581
17589
17593
17597
17601
17605
17609
17613
17617
17621
17625
17633
17637
17641
17649
17653
17657
17661
17665
17669
17673
17677
17681
17685
17689
17697
17701
17709
17713
17721
17725
17729
17733
17737
17741
17745
17749
17753
17757
17761
17765
17769
17773
17777
17781
17785
17789
17797
17801
17805
17809
17813
17817
17821
17825
17833
17837
17841
17845
17849
17853
17857
17861
17865
17869
17873
17877
17881
17885
17889
17897
17901
17905
17909
17913
17917
17921
17925
17929
17933
17937
17941
17945
17949
17953
17957
17969
17973
17977
17985
17989
17993
17997
18001
18005
18013
18017
18021
18029
18033
18037
18041
18045
18049
18053
18057
18061
18065
18069
18077
18081
18085
18089
18093
18097
18101
18105
18109
18113
18117
18121
18129
18133
18137
18141
18145
18153
18157
18161
18165
18173
18177
18181
18189
18197
18201
18205
18209
18213
18217
18221
18225
18229
18237
18241
18245
18253
18257
18261
18265
18269
18273
18277
18281
18285
18289
18293
18297
18305
18309
18313
18317
18321
18325
18329
18333
18337
18341
18345
18349
18353
18357
18361
18365
18369
18373
18377
18381
18385
18389
18393
18397
18401
18405
18409
18413
18417
18421
18425
18433
18437
18441
18445
18449
18453
18457
18461
18465
18469
18473
18477
18481
18485
18493
18497
18501
18505
18509
18513
18521
18525
18529
18533
18537
18541
18545
18549
18553
18557
18561
18565
18569
18573
18577
18581
18585
18589
18593
18597
18601
18605
18609
18613
18617
18621
18625
18629
18633
18637
18641
18645
18649
18653
18657
18661
18665
18669
18673
18681
18685
18689
18693
18697
18701
18709
18717
18721
18737
18741
18745
18749
18753
18757
18765
18769
18773
18777
18781
18789
18793
18801
18805
18809
18813
18817
18821
18825
18829
18833
18837
18841
18845
18849
18853
18857
18861
18865
18869
18873
18877
18881
18885
18889
18893
18897
18901
18905
18909
18913
18925
18929
18933
18937
18941
18945
18949
18953
18957
18965
18969
18973
18977
18981
18985
18989
18993
18997
19009
19013
19017
19021
19029
19033
19037
19041
19045
19049
19053
19057
19061
19069
19073
19081
19085
19093
19101
19105
19109
19117
19121
19125
19129
19133
19137
19145
19149
19153
19157
19165
19169
19173
19177
19181
19185
19189
19193
19197
19201
19205
19209
19213
19217
19221
19225
19229
19233
19237
19245
19253
19257
19261
19265
19269
19273
19277
19281
19285
19289
19293
19297
19301
19305
19309
19313
19317
19321
19325
19329
19333
19337
19341
19345
19349
19353
19357
19361
19365
19369
19373
19377
19385
19389
19393
19397
19401
19405
19409
19413
19417
19421
19425
19429
19433
19437
19445
19453
19457
19465
19469
19473
19477
19481
19485
19493
19497
19501
19505
19509
19513
19517
19521
19525
19529
19533
19537
19541
19545
19549
19553
19557
19561
19565
19569
19573
19577
19581
19585
19597
19601
19605
19609
19613
19621
19625
19629
19633
19637
19641
19645
19649
19653
19657
19661
19665
19669
19673
19677
19681
19685
19689
19693
19697
19701
19705
19709
19713
19717
19721
19725
19729
19733
19737
19741
19745
19749
19753
19757
19765
19769
19773
19777
19781
19785
19789
19793
19797
19801
19805
19809
19813
19817
19821
19825
19829
19833
19837
19841
19845
19857
19861
19865
19869
19873
19877
19885
19889
19893
19897
19901
19909
19913
19921
19925
19929
19933
19937
19941
19945
19949
19953
19961
19965
19969
19973
19977
19981
19985
19989
19993
19997
20001
20005
20009
20013
20017
20021
20025
20029
20033
20037
20041
20045
20049
20053
20057
20061
20065
20069
20073
20077
20081
20085
20089
20093
20097
20101
20105
20109
20113
20117
20121
20125
20129
20133
20137
20141
20149
20153
20157
20161
20165
20177
20181
20185
20189
20197
20201
20205
20209
20213
20217
20221
20225
20233
20241
20245
20249
20253
20257
20265
20269
20273
20277
20281
20285
20289
20293
20297
20301
20305
20309
20313
20317
20321
20325
20329
20333
20337
20341
20345
20349
20353
20357
20361
20365
20373
20377
20381
20385
20389
20393
20397
20401
20405
20409
20413
20417
20421
20425
20429
20433
20437
20441
20445
20449
20453
20457
20461
20465
20469
20481
20485
20489
20493
20497
20505
20509
20513
20517
20521
20525
20529
20533
20537
20545
20549
20553
20557
20561
20565
20569
20573
20577
20581
20585
20593
20597
20605
20609
20613
20617
20621
20625
20629
20633
20637
20641
20649
20653
20657
20661
20665
20677
20681
20685
20689
20696
20700
20704
20708
20712
20716
20720
20724
20728
20732
20736
20740
20744
20748
20756
20764
20768
20772
20776
20780
20784
20792
20796
20800
20804
20812
20816
20820
20824
20828
20832
20840
20844
20848
20852
20856
20860
20864
20872
20876
20880
20884
20888
20892
20896
20900
20904
20908
20912
20916
20920
20924
20928
20932
20940
20944
20948
20952
20956
20960
20968
20972
20976
20980
20984
20992
20996
21000
21004
21008
21012
21016
21020
21024
21032
21036
21040
21044
21052
21060
21064
21076
21080
21084
21088
21092
21096
21104
21108
21112
21116
21128
21132
21136
21140
21144
21148
21152
21156
21160
21164
21172
21176
21180
21184
21188
21196
21200
21204
21208
21216
21220
21224
21228
21232
21236
21240
21244
21248
21252
21256
21260
21264
21268
21272
21276
21280
21284
21288
21292
21296
21300
21308
21312
21316
21320
21324
21332
21336
21340
21348
21352
21356
21360
21364
21368
21372
21376
21380
21384
21388
21392
21396
21400
21404
21408
21412
21416
21420
21424
21428
21432
21436
21440
21444
21448
21452
21456
21460
21464
21468
21472
21476
21480
21488
21492
21496
21500
21504
21512
21516
21520
21524
21528
21532
21536
21540
21544
21552
21556
21560
21564
21568
21572
21576
21580
21584
21588
21592
21600
21604
21608
21612
21616
21620
21624
21628
21632
21636
21640
21644
21648
21652
21656
21660
21664
21668
21672
21676
21680
21684
21688
21692
21700
21704
21708
21712
21716
21720
21724
21728
21732
21736
21740
21744
21748
21752
21756
21760
21764
21768
21772
21776
21780
21792
21796
21804
21808
21812
21816
21820
21824
21828
21832
21836
21844
21848
21852
21856
21860
21864
21868
21876
21880
21884
21888
21892
21896
21908
21912
21920
21924
21928
21932
21936
21944
21948
21952
21956
21964
21968
21976
21980
21984
21988
21992
21996
22000
22004
22008
22012
22016
22020
22024
22028
22032
22036
22040
22044
22048
22052
22056
22060
22064
22068
22072
22080
22084
22088
22092
22096
22100
22104
22108
22112
22116
22120
22124
22128
22132
22148
22152
22156
22160
22164
22168
22172
22176
22184
22188
22192
22200
22204
22208
22212
22216
22220
22224
22232
22236
22244
22248
22252
22256
22260
22264
22268
22272
22276
22280
22284
22288
22292
22300
22304
22308
22312
22316
22320
22324
22328
22332
22336
22340
22344
22348
22352
22356
22360
22364
22368
22372
22376
22380
22384
22388
22396
22400
22404
22408
22416
22420
22428
22432
22436
22440
22444
22448
22452
22456
22460
22468
22472
22476
22480
22484
22488
22492
22500
22504
22508
22512
22516
22520
22524
22528
22536
22544
22548
22552
22560
22564
22568
22572
22576
22580
22584
22592
22596
22600
22604
22608
22612
22616
22620
22624
22628
22636
22640
22644
22648
22652
22656
22664
22668
22672
22680
22684
22688
22692
22696
22704
22708
22712
22716
22720
22724
22728
22732
22736
22740
22744
22748
22752
22756
22760
22764
22768
22772
22776
22780
22784
22788
22792
22796
22800
22804
22808
22812
22816
22820
22824
22828
22832
22836
22840
22844
22852
22856
22860
22864
22868
22872
22876
22880
22884
22888
22892
22900
22908
22912
22916
22920
22924
22928
22932
22936
22940
22944
22948
22956
22960
22964
22968
22972
22976
22980
22984
22988
22992
22996
23000
23008
23012
23016
23024
23028
23032
23040
23048
23052
23056
23060
23064
23068
23076
23080
23084
23088
23092
23096
23100
23104
23108
23112
23116
23120
23124
23128
23132
23136
23140
23144
23148
23156
23160
23164
23168
23172
23176
23180
23184
23188
23192
23196
23200
23204
23208
23212
23216
23220
23224
23228
23232
23236
23240
23244
23248
23252
23256
23260
23264
23268
23272
23276
23280
23284
23288
23292
23296
23300
23304
23308
23312
23316
23320
23324
23328
23332
23336
23340
23344
23348
23352
23356
23360
23368
23372
23376
23380
23384
23388
23396
23400
23404
23408
23412
23416
23420
23424
23428
23432
23440
23444
23448
23452
23460
23464
23468
23472
23476
23480
23484
23488
23492
23496
23504
23508
23512
23516
23520
23524
23532
23536
23540
23544
23548
23552
23556
23560
23564
23568
23572
23576
23580
23584
23588
23592
23596
23600
23604
23608
23612
23616
23620
23628
23632
23640
23644
23648
23652
23656
23660
23664
23668
23672
23676
23680
23684
23688
23692
23696
23700
23704
23708
23712
23716
23720
23724
23728
23732
23736
23744
23752
23756
23760
23764
23768
23772
23776
23780
23784
23788
23796
23800
23804
23808
23812
23816
23820
23824
23828
23832
23836
23840
23844
23852
23856
23860
23864
23868
23872
23876
23880
23884
23888
23892
23896
23900
23904
23908
23916
23920
23928
23932
23936
23940
23944
23948
23952
23956
23960
23964
23968
23972
23976
23980
23984
23988
23992
23996
24000
24004
24008
24012
24016
24020
24024
24028
24032
24036
24040
24044
24048
24052
24056
24064
24068
24076
24080
24092
24096
24100
24104
24108
24112
24116
24120
24132
24136
24140
24144
24148
24152
24156
24160
24164
24168
24172
24176
24184
24188
24192
24196
24200
24204
24208
24212
24216
24220
24224
24228
24232
24236
24240
24244
24248
24252
24256
24260
24264
24268
24276
24284
24288
24292
24296
24304
24308
24312
24316
24324
24328
24340
24352
24356
24360
24368
24372
24376
24380
24384
24388
24392
24396
24400
24404
24408
24412
24416
24420
24424
24432
24436
24440
24444
24448
24452
24456
24460
24464
24468
24476
24480
24484
24488
24496
24500
24504
24508
24512
24516
24520
24524
24528
24536
24540
24544
24548
24556
24560
24564
24568
24572
24576
24580
24588
24592
24596
24600
24604
24608
24612
24616
24620
24624
24628
24632
24636
24670
24674
24678
24690
24694
24698
24702
24706
24710
24722
24726
24730
24734
24752
24760
24764
24768
24772
24785
24793
24801
24809
24813
24825
24829
24836
24840
24844
24848
24861
24865
24869
24873
24878
24882
24894
24898
24902
24906
24923
24927
24931
24943
24948
24952
24960
24964
24968
24972
24976
24980
24984
24988
25017
25021
25025
25029
25033
25037
25041
25054
25058
25062
25066
25070
25074
25094
25098
25104
25108
25112
25135
25143
25152
25156
25160
25173
25177
25185
25189
25193
25197
25201
25209
25213
25217
25221
25225
25229
25233
25237
25241
25245
25249
25253
25257
25265
25269
25273
25277
25282
25286
25290
25294
25298
25302
25311
25321
25325
25334
25347
25351
25355
25359
25363
25367
25371
25375
25379
25391
25395
25399
25404
25408
25420
25424
25428
25432
25436
25444
25456
25460
25464
25468
25472
25476
25480
25484
25488
25492
25496
25500
25508
25512
25516
25520
25524
25528
25532
25536
25540
25544
25548
25552
25556
25560
25564
25568
25576
25580
25584
25593
25597
25601
25605
25609
25613
25617
25621
25625
25629
25633
25637
25641
25645
25649
25658
25670
25674
25678
25686
25690
25694
25759
25772
25776
25780
25784
25788
25792
25796
25800
25804
25808
25812
25816
25820
25824
25832
25836
25840
25844
25848
25852
25856
25860
25868
25876
25880
25884
25888
25896
25900
25904
25908
25912
25916
25920
25924
25928
25932
25936
25940
25948
25952
25956
25964
25968
25972
25992
25996
26002
26019
26023
26031
26035
26039
26047
26051
26055
26059
26064
26068
26077
26081
26085
26089
26093
26097
26111
26115
26119
26128
26136
26152
26156
26160
26168
26172
26176
26180
26188
26193
26197
26201
26205
26209
26213
26217
26221
26225
26229
26233
26237
26241
26245
26269
26277
26281
26285
26289
26297
26301
26305
26309
26313
26317
26321
26325
26329
26333
26337
26341
26345
26349
26361
26373
26381
26385
26389
26393
26397
26401
26410
26414
26422
26426
26430
26434
26438
26442
26446
26450
26454
26462
26466
26470
26474
26478
26482
26486
26490
26494
26506
26510
26514
26518
26522
26526
26530
26534
26542
26546
26550
26554
26558
26562
27270
27274
27278
27282
27286
27290
27294
27298
27302
27306
27310
27314
27321
27325
27329
27333
27337
27341
27345
27349
27353
27357
27361
27365
27369
27377
27381
27385
27389
27393
27397
27401
27405
27409
27413
27417
27421
27425
27429
27433
27437
27441
27445
27449
27461
27465
27469
27473
27477
27481
27485
27489
27506
27510
27522
27526
27530
27534
27538
27546
27551
27555
27559
27563
27570
27574
27578
27586
27590
27594
27602
27606
27614
27618
27622
27626
27638
27642
27646
27650
27654
27658
27670
27674
27678
27682
27686
27690
27694
27698
27702
27706
27710
27718
27722
27730
27734
27738
27742
27750
27754
27758
27762
27770
27774
27778
27782
27786
27790
27794
27798
27802
27810
27822
27830
27834
27838
27842
27846
27850
27854
27858
27870
27874
27878
27882
27886
27902
27906
27930
27934
27938
27942
27954
27958
27962
27966
27974
27982
28010
28014
28026
28030
28034
28038
28042
28046
28050
28062
28066
28070
28074
28078
28082
28086
28090
28094
28106
28110
28118
28122
28126
28130
28134
28138
28142
28146
28150
28154
28158
28162
28166
28170
28174
28178
28182
28190
28194
28198
28202
28210
28214
28218
28226
28230
28238
28242
28246
28250
28254
28258
28262
28266
28270
28282
28286
28290
28294
28298
28302
28306
28310
28314
28318
28322
28326
28330
28334
28338
28342
28346
28350
28362
28366
28370
28374
28378
28386
28390
28394
28402
28406
28410
28418
28422
28438
28442
28494
28502
28506
28514
28518
28522
28526
28534
28538
28542
28546
28582
28602
28606
28610
28635
28639
28643
28647
28651
28671
28675
28679
28687
28691
28751
28755
28759
28767
28775
28791
28795
28807
28927
28931
28935
29043
29063
29067
29071
29091
29171
29219
29291
29307
29315
29367
29391
29395
29399
29475
29479
29483
29487
29491
29495
29499
29503
29507
29511
29515
29519
29523
29527
29531
29535
29539
29543
29563
29587
29591
29595
29599
29603
29607
29611
29767
29775
29779
29791
29795
29799
29811
29843
29859
29871
29875
29879
29883
29887
29899
29903
29907
29995
29999
30007
30031
30051
30059
30063
30075
30079
30083
30095
30099
30111
30119
30123
30147
30151
30175
30179
30183
30187
30199
30203
30207
30211
30215
30219
30223
30227
30231
30235
30239
30243
30247
30251
30255
30259
30271
30275
30279
30283
30287
30291
30295
30299
30303
30307
30311
30315
30319
30331
30339
30347
30351
30355
30359
30363
30367
30371
30375
30379
30383
30387
30391
30399
30403
30407
30411
30415
30423
30427
30431
30435
30439
30443
30447
30451
30455
30459
30463
30467
30471
30475
30515
30519
30523
30527
30555
30563
30567
30571
30595
30599
30615
30619
30627
30631
30635
30639
30643
30647
30663
30675
30683
30687
30699
30703
30707
30711
30715
30723
30727
30735
30739
30763
30807
30823
30835
30839
30843
30855
30871
30891
30899
30903
30907
30911
30915
30919
30923
30927
30939
30947
30951
30955
30967
30971
30975
30983
30987
30991
30995
30999
31003
31007
31011
31015
31019
31023
31027
31031
31035
31155
31227
31235
31271
31275
31303
31307
31311
31315
31319
31323
31327
31331
31335
31339
31343
31347
31351
31355
31359
31363
31367
31371
31375
31379
31383
31387
31391
31411
31415
31423
31427
31431
31435
31439
31455
31459
31463
31467
31471
31475
31479
31483
31487
31491
31495
31499
31503
31507
31511
31515
31519
31523
31535
31539
31543
31547
31555
31559
31563
31571
31575
31579
31583
31587
31599
31607
31611
31615
31619
31623
31627
31631
31635
31639
31643
31647
31651
31655
31659
31663
31667
31671
31675
31679
31683
31687
31691
31695
31699
31711
31723
31727
31731
31735
31739
31743
31747
31751
31755
31759
31763
31767
31771
31775
31779
31783
31787
31791
31795
31799
31803
31807
31811
31815
31819
31823
31827
31831
31835
31839
31843
31847
31851
31855
31859
31863
31867
31871
31875
31879
31883
31887
31891
31895
31899
31907
31911
31915
31919
31927
31939
31951
31967
31971
31975
31979
31987
31991
31995
31999
32011
32015
32019
32023
32027
32031
32035
32039
32043
32047
32051
32059
32063
32067
32075
32083
32087
32091
32095
32099
32103
32115
32119
32127
32131
32135
32139
32151
32155
32159
32163
32167
32171
32175
32183
32187
32199
32203
32215
32219
32223
32227
32231
32235
32239
32243
32247
32251
32259
32263
32267
32271
32275
32287
32295
32299
32303
32307
32311
32323
32327
32331
32335
32339
32343
32347
32351
32355
32359
32363
32367
32371
32379
32383
32387
32391
32395
32399
32403
32407
32411
32415
32419
32423
32427
32431
32435
32439
32443
32455
32459
32463
32467
32471
32475
32479
32483
32487
32491
32495
32499
32507
32511
32515
32519
32523
32527
32531
32535
32539
32543
32547
32551
32555
32559
32563
32567
32571
32575
32579
32583
32587
32591
32595
32619
32623
32627
32631
32635
32643
32647
32651
32655
32659
32663
32667
32671
32675
32679
32683
32687
32691
32699
32703
32707
32711
32715
32719
32723
32727
32731
32735
32739
32743
32755
32759
32763
32767
32879
32883
32887
32891
32895
32899
32903
32931
32939
32943
32951
32963
32979
32995
32999
33015
33019
33023
33027
33031
33035
33039
33043
33047
33055
33059
33063
33071
33075
33079
33083
33087
33099
33103
33107
33111
33119
33123
33147
33151
33155
33159
33179
33191
33211
33219
33227
33235
33243
33255
33263
33275
33279
33283
33291
33295
33299
33307
33363
33367
33371
33399
33415
33419
33423
33431
33439
33447
33467
33495
33499
33507
33559
33563
33567
33571
33579
33583
33587
33687
33707
33711
33751
33763
33807
33815
33819
33839
33859
33867
33879
33883
33887
33891
33895
33899
33907
33911
33915
33923
33927
33931
33947
33951
33955
33959
33963
33967
33971
33975
33979
33983
33987
33991
33995
34023
34027
34031
34035
34039
34043
34047
34051
34055
34059
34063
34067
34071
34075
34091
34095
34099
34103
34111
34115
34119
34123
34127
34135
34143
34147
34151
34155
34159
34163
34167
34171
34175
34179
34183
34187
34191
34195
34199
34203
34207
34211
34215
34219
34223
34227
34239
34243
34255
34259
34263
34267
34271
34275
34279
34287
34291
34295
34299
34303
34307
34311
34327
34331
34347
34351
34363
34371
34379
34391
34395
34399
34403
34407
34411
34415
34419
34423
34427
34431
34435
34443
34447
34451
34455
34459
34463
34467
34471
34475
34483
34487
34491
34495
34499
34503
34507
34511
34515
34519
34523
34527
34531
34539
34543
34555
34559
34563
34567
34571
34575
34579
34591
34615
34619
34631
34635
34639
34643
34655
34675
34679
34683
34691
34695
34699
34703
34707
34771
34775
34779
34783
34787
34791
34795
34799
34803
34811
34815
34819
34823
34839
34847
35027
35047
35091
35095
35107
35111
35115
35119
35139
35143
35179
35191
35207
35211
35263
35307
35323
35331
35371
35399
35403
35411
35415
35419
35423
35427
35431
35435
35439
35443
35447
35467
35471
35475
35479
35487
35499
35515
35531
35547
35555
35571
35575
35579
35583
35587
35591
35595
35623
35627
35631
35635
35639
35643
35655
35671
35691
35695
35699
35711
35715
35719
35735
35739
35743
35747
35751
35759
35763
35767
35771
35783
35787
35791
35795
35799
35803
35807
35811
35815
35819
35823
35827
35831
35835
35847
35939
35943
35947
35951
35955
35963
35967
35971
35975
35979
36003
36027
36035
36039
36043
36047
36051
36055
36059
36063
36067
36071
36079
36095
36099
36103
36107
36115
36119
36123
36127
36131
36147
36151
36155
36159
36163
36167
36171
36175
36179
36183
36203
36215
36219
36227
36231
36239
36243
36247
36251
36255
36263
36267
36271
36275
36279
36283
36287
36291
36295
36303
36307
36315
36319
36327
36331
36347
36351
36355
36359
36379
36391
36395
36399
36403
36407
36415
36431
36487
36499
36543
36563
36567
36579
36583
36587
36591
36595
36599
36603
36607
36611
36623
36635
36639
36643
36651
36655
36659
36663
36679
36683
36695
36699
36703
36707
36711
36731
36747
36751
36755
36759
36771
36775
36779
36783
36787
36791
36795
36799
36803
36811
36815
36823
36827
36831
36847
36855
36899
36903
36971
36975
36987
36991
37039
37051
37055
37059
37067
37075
37083
37087
37107
37119
37167
37191
37211
37239
37335
37339
37347
37363
37367
37411
37423
37447
37459
37467
37471
37491
37543
37547
37551
37555
37583
37599
37659
37663
37667
37743
37791
37795
37799
37815
37823
37827
37831
37835
37847
37851
37871
37875
37879
37883
37887
37891
37895
37899
37903
37907
37919
37923
37927
37931
37935
37939
37943
37947
37951
37955
37959
37963
37967
37971
37975
37979
37983
37987
37991
37995
37999
38003
38007
38011
38015
38023
38027
38039
38043
38047
38055
38091
38095
38103
38107
38111
38143
38151
38155
38159
38191
38195
38215
38255
38259
38263
38267
38271
38275
38279
38283
38287
38291
38295
38303
38311
38315
38319
38335
38339
38347
38351
38355
38367
38375
38443
38447
38451
38459
38471
38579
38587
38591
38599
38619
38655
38851
38859
38863
38867
38871
38875
38907
38911
38935
38939
38959
38995
39019
39027
39031
39063
39111
39115
39287
39647
39651
39663
39667
39711
39883
39887
39891
39895
39899
39903
39907
39911
39975
39979
40035
40039
40043
40051
40075
40155
40159
40163
40199
40227
40235
40299
40371
40395
40399
40439
40443
40511
40515
40523
40527
40531
40535
40539
40543
40547
40551
40555
40655
40671
40719
40731
40735
40739
40743
40763
40767
40771
40803
40951
40955
40963
40987
41007
41011
41175
41211
41227
41259
41356
41380
41404
41420
41424
41428
41432
41440
41444
41448
41452
41464
41468
41472
41508
41512
41516
41520
41524
41532
41536
41540
41544
41548
41552
41556
41560
41564
41568
41576
41580
41584
41608
41612
41616
41624
41628
41640
41644
41648
41652
41656
41660
41664
41668
41680
41728
41732
41740
41744
41788
41792
41932
41940
41944
41948
41952
41956
42004
42032
42060
42064
42072
42080
42096
42100
42132
42160
42164
42208
42212
42264
42268
42272
42276
42288
42292
42296
42300
42312
42316
42324
42332
42336
42340
42344
42352
42360
42368
42380
42388
42392
42396
42400
42404
42408
42412
42416
42424
42436
42448
42468
42484
42488
42512
42520
42524
42528
42532
42536
42540
42544
42548
42552
42556
42560
42564
42580
42620
42624
42628
42632
42636
42640
42644
42652
42656
42660
42664
42668
42672
42676
42684
42688
42692
42700
42704
42708
42712
42716
42720
42724
42728
42732
42736
42740
42744
42748
42752
42756
42760
42764
42768
42772
42776
42780
42784
42788
42800
42804
42808
42820
42828
42832
42836
42840
42844
42848
42852
42864
42868
42884
42888
42892
42896
42900
42904
42908
42912
42916
42920
42924
42928
42932
42936
42940
42944
42948
42952
42956
42968
42984
42988
42992
42996
43000
43048
43052
43056
43060
43064
43068
43084
43088
43092
43096
43100
43108
43112
43120
43124
43128
43136
43140
43144
43148
43152
43156
43160
43164
43168
43172
43176
43180
43184
43188
43192
43196
43200
43204
43208
43212
43220
43232
43332
43336
43344
43380
43384
43432
43436
43488
43492
43496
43500
43524
43532
43536
43540
43544
43564
43568
43572
43604
43608
43616
43620
43628
43632
43636
43640
43684
43688
43692
43696
43700
43716
43720
43724
43728
43736
43744
43752
43756
43764
43772
43780
43784
43788
43792
43848
43892
43900
43932
44012
44028
44060
44132
44152
44156
44160
44180
44184
44332
44336
44340
44344
44348
44352
44356
44360
44364
44380
44400
44404
44412
44452
44480
44484
44488
44492
44504
44556
44560
44564
44568
44572
44576
44580
44592
44608
44612
44624
44628
44632
44636
44640
44644
44648
44668
44716
44736
44740
44744
44748
44752
44756
44760
44764
44768
44776
44780
44784
44788
44792
44796
44800
44804
44808
44812
44816
44820
44880
44900
44904
45016
45020
45024
45028
45032
45036
45048
45056
45072
45076
45080
45084
45096
45100
45104
45116
45120
45124
45136
45140
45144
45168
45180
45196
45200
45204
45208
45212
45216
45220
45228
45232
45240
45328
45332
45336
45340
45464
45468
45484
45488
45492
45496
45500
45504
45508
45512
45516
45520
45524
45548
45560
45564
45568
45572
45576
45580
45588
45600
45604
45624
45628
45700
45704
45716
45724
45732
45740
45756
45772
45776
45784
45796
45808
45812
45820
45892
45896
45900
45912
45948
45996
46000
46012
46020
46024
46028
46032
46036
46040
46048
46084
46124
46160
46164
46188
46236
46240
46244
46248
46252
46256
46260
46264
46268
46272
46276
46280
46284
46288
46308
46316
46332
46356
46360
46364
46368
46372
46376
46396
46404
46408
46412
46416
46420
46424
46440
46444
46448
46452
46484
46500
46508
46512
46520
46524
46528
46532
46536
46540
46544
46548
46552
46556
46560
46568
46572
46576
46608
46624
46636
46680
46696
46712
46716
46752
46756
46760
46764
46768
46772
46776
46780
46784
46788
46792
46796
46800
46804
46808
46864
46868
46872
46876
46880
46884
46888
46892
46896
46900
46904
46908
46912
46916
46920
46924
46928
46932
46936
46952
46956
46960
46964
46968
46972
47000
47004
47032
47040
47044
47052
47096
47128
47136
47140
47144
47148
47196
47244
47368
47372
47412
47416
47420
47496
47508
47520
47544
47596
47612
47620
47624
47632
47636
47684
47724
47740
47744
47748
47796
47836
47840
47844
47848
47896
47908
47912
47924
47928
47932
47936
47944
47948
47952
47956
47960
47964
47972
47984
47988
47992
47996
48000
48004
48008
48012
48016
48052
48080
48096
48100
48108
48116
48128
48140
48228
48232
48236
48264
48308
48312
48340
48360
48384
48400
48432
48488
48520
48544
48548
48556
48560
48564
48580
48592
48612
48636
48680
48684
48688
48720
48732
48740
48744
48748
48752
48764
48768
48772
48780
48784
48828
48864
48868
48872
48876
48880
48884
48892
48896
48900
48904
48908
48920
48940
48944
48948
48956
48960
48964
48968
48976
48992
49000
49004
49024
49028
49032
49036
49040
49044
49052
49056
49060
49064
49072
49084
49088
49096
49112
49116
49120
49124
49128
49140
49144
49148
49168
49172
49176
49180
49184
49188
49200
49216
49220
49228
49232
49236
49240
49248
49252
49256
49260
49280
49284
49288
49292
49296
49300
49372
49388
49400
49404
49408
49412
49416
49420
49424
49428
49432
49436
49440
49444
49448
49452
49456
49460
49464
49472
49488
49504
49516
49520
49524
49528
49532
49548
49552
49556
49560
49564
49568
49572
49576
49580
49584
49588
49592
49612
49616
49620
49624
49636
49652
49668
49676
49684
49708
49716
49720
49728
49732
49736
49740
49744
49748
49752
49756
49804
49808
49816
49888
49892
49940
49948
49984
49988
49992
49996
50000
50004
50008
50012
50192
50224
50228
50232
50236
50240
50244
50248
50292
50304
50308
50336
50340
50344
50348
50352
50356
50360
50364
50368
50380
50384
50388
50392
50396
50412
50416
50420
50428
50460
50464
50468
50472
50480
50484
50488
50492
50496
50500
50504
50508
50512
50516
50520
50524
50528
50532
50560
50564
50568
50572
50576
50580
50596
50600
50604
50620
50624
50632
50636
50648
50652
50656
50660
50664
50668
50676
50680
50684
50692
50696
50700
50712
50716
50720
50736
50744
50756
50760
50764
50768
50772
50812
50820
50876
50880
50908
50912
50920
50936
50940
50948
50956
50960
50964
50968
50996
51000
51004
51008
51016
51020
51048
51052
51056
51060
51072
51116
51148
51152
51220
51224
51260
51264
51268
51308
51404
51416
51420
51428
51436
51468
51476
51496
51504
51508
51512
51516
51520
51524
51540
51544
51548
51556
51560
51564
51576
51584
51588
51592
51596
51600
51604
51608
51612
51636
51644
51652
51656
51680
51684
51688
51696
51700
51704
51708
51712
51752
51756
51760
51764
51768
51772
51776
51780
51784
51796
51800
51804
51860
51864
51868
51872
51876
51884
51888
51904
51912
51924
51928
51932
51936
51944
51952
51972
51992
52028
52032
52036
52044
52104
52128
52132
52136
52140
52144
52148
52152
52156
52164
52180
52192
52204
52216
52224
52228
52232
52236
52240
52252
52264
52276
52280
52304
52316
52320
52324
52376
52380
52384
52388
52392
52396
52404
52408
52416
52420
52424
52432
52436
52440
52444
52480
52484
52512
52528
52540
52544
52548
52552
52556
52560
52564
52584
52588
52592
52596
52604
52612
52616
52624
52632
52636
52644
52648
52656
52660
52664
52668
52672
52676
52716
52720
52724
52728
52732
52736
52752
52756
52760
52764
52768
52772
52776
52788
52792
52796
52800
52804
52808
52824
52828
52840
52844
52852
52856
52884
52896
52900
52904
52908
52912
53008
53124
53128
53208
53268
53316
53320
53336
53340
53344
53348
53352
53356
53360
53364
53368
53372
53376
53380
53392
53396
53408
53412
53428
53432
53492
53504
53544
53616
53620
53624
53628
53632
53640
53644
53648
53668
53712
53716
53720
53724
53728
53736
53744
53776
53828
53832
53836
53868
53880
53892
53896
53900
53904
53920
53924
53928
53944
53948
53952
53956
53960
53964
53988
54028
54036
54040
54044
54048
54052
54056
54060
54064
54068
54072
54076
54084
54096
54100
54104
54108
54112
54116
54148
54176
54180
54184
54220
54256
54264
54268
54272
54280
54288
54292
54296
54300
54304
54308
54320
54324
54356
54360
54372
54376
54380
54384
54412
54420
54432
54444
54448
54496
54500
54504
54508
54512
54516
54520
54532
54540
54564
54580
54588
54636
54640
54644
54648
54652
54656
54660
54664
54668
54672
54676
54684
54688
54692
54696
54712
54724
54728
54736
54748
54752
54756
54784
54788
54796
54804
54816
54820
54824
54828
54832
54876
54880
54884
54892
54980
54992
54996
55000
55004
55008
55012
55024
55040
55056
55080
55092
55132
55144
55148
55152
55156
55160
55200
55204
55216
55220
55268
55292
55332
55336
55368
55380
55388
55396
55412
55416
55424
55428
55432
55436
55440
55444
55448
55452
55456
55460
55464
55468
55472
55480
55504
55508
55520
55524
55528
55532
55540
55556
55560
55564
55568
55580
55584
55616
55620
55656
55660
55664
55668
55672
55704
55708
55720
55728
55736
55740
55744
55748
55752
55756
55760
55764
55772
55808
55812
55872
55892
55896
55900
55904
55920
55924
55928
55960
55968
55972
55980
55984
55988
55996
56000
56004
56008
56028
56044
56048
56052
56056
56060
56064
56072
56100
56108
56124
56128
56132
56136
56144
56160
56188
56192
56212
56216
56220
56224
56232
56284
56288
56292
56304
56308
56312
56324
56336
56344
56348
56368
56380
56392
56396
56400
56404
56416
56452
56456
56468
56500
56508
56516
56520
56528
56552
56560
56580
56588
56592
56596
56648
56652
56656
56660
56664
56668
56672
56676
56680
56684
56688
56692
56696
56700
56704
56708
56712
56716
56720
56744
56748
56752
56764
56768
56772
56776
56780
56784
56812
56816
56820
56824
56828
56832
56836
56840
56844
56848
56852
56856
56860
56864
56868
56872
56908
56924
56940
56948
56952
56956
56996
57020
57024
57036
57044
57052
57056
57060
57064
57068
57072
57076
57080
57100
57104
57152
57188
57192
57196
57308
57312
57316
57352
57356
57376
57380
57384
57388
57396
57400
57404
57408
57412
57444
57508
57512
57516
57520
57544
57560
57576
57580
57584
57600
57604
57608
57660
57672
57676
57680
57700
57704
57720
57724
57728
57740
57744
57748
57752
57756
57760
57764
57768
57772
57776
57780
57784
57788
57792
57796
57800
57804
57820
57832
57844
57848
57856
57864
57868
57880
57884
57928
57936
57948
57952
57956
57960
57964
57968
57972
57976
57980
57984
57988
57992
57996
58000
58004
58008
58024
58028
58044
58048
58052
58056
58068
58116
58120
58124
58144
58148
58156
58160
58164
58168
58172
58176
58184
58188
58192
58196
58200
58284
58412
58456
58492
58520
58560
58564
58568
58572
58576
58664
58696
58712
58812
58816
58820
58824
58832
58868
58884
58888
58892
58896
58900
58904
58908
58912
58920
58924
58928
58932
58944
58952
59012
59016
59044
59048
59052
59056
59064
59068
59072
59076
59088
59092
59096
59100
59112
59120
59124
59128
59132
59136
59140
59148
59152
59156
59160
59164
59168
59176
59180
59184
59188
59216
59220
59224
59228
59232
59236
59240
59244
59248
59252
59312
59316
59328
59344
59352
59360
59376
59380
59412
59468
59484
59500
59540
59568
59572
59576
59584
59588
59592
59608
59612
59616
59620
59624
59628
59756
59760
59772
59776
59816
59828
59832
59856
59956
59976
59980
59984
59988
59992
59996
60000
60032
60036
60040
60048
60068
60084
60088
60092
60096
60100
60104
60108
60112
60116
60120
60124
60156
60168
60188
60200
60208
60224
60236
60244
60260
60264
60276
60280
60288
60292
60296
60308
60324
60328
60344
60348
60360
60384
60388
60392
60396
60400
60404
60408
60412
60416
60420
60424
60428
60436
60440
60444
60448
60452
60576
60664
60944
61020
61156
61300
61340
61392
61396
61416
61420
61424
61428
61432
61436
61472
61476
61480
61492
61500
61504
61508
61528
61576
61580
61588
61592
61612
61616
61620
61636
61640
61648
61652
61656
61660
61664
61668
61680
61688
61696
61704
61716
61788
61800
61892
62016
62020
62084
62168
62232
62236
62240
62244
62356
62372
62376
62384
62388
62392
62396
62400
62404
62408
62412
62416
62432
62436
62440
62444
62452
62460
62492
62504
62556
62560
62564
62576
62580
62584
62592
62596
62620
62624
62628
62632
62636
62640
62932
62936
62940
63132
63136
63192
63296
63332
63336
63340
63344
63348
63356
63360
63364
63376
63388
63404
63408
63420
63424
63428
63440
63444
63448
63452
63508
63512
63560
63640
63644
63660
63792
63796
63800
63804
63828
63832
63836
63852
63856
63860
63864
63868
63872
63876
63880
63884
63936
64056
64060
64064
64068
64148
64152
64160
64416
64444
64448
64452
64456
64472
64516
64532
64536
64540
64596
64648
64652
64656
64660
64792
64800
64856
64864
64876
64880
64912
64988
65020
65028
65032
65152
65220
65244
65292
65308
65312
65376
65384
65388
65436
65492
65500
65504
65508
65560
65616
65656
65660
65692
65700
65704
65708
65712
65716
65720
65724
65728
65732
65736
65740
65744
65748
65752
65760
65768
65808
65812
65816
65828
65832
65836
65848
65860
65864
65884
65896
65900
65924
65928
65932
65936
65972
65996
66000
66004
66028
66032
66372
66536
66540
66584
66592
66716
66820
66824
66828
66920
66924
66932
66936
66948
66952
66956
66960
66964
66968
66972
66976
67000
67004
67008
67012
67020
67024
67240
67444
67452
67484
67628
67632
67656
67772
67776
67812
67816
67824
67828
67840
67844
67908
67976
68012
68028
68048
68052
68076
68080
68100
68108
68128
68180
68184
68328
68356
68416
68420
68460
68464
68552
68556
68560
68568
68588
68600
68604
68624
68628
68632
68808
68824
68992
69000
69004
69008
69044
69052
69184
69192
69196
69200
69204
69208
69212
69228
69252
69312
69316
69336
69340
69344
69348
69364
69384
69388
69392
69396
69400
69432
69460
69464
69468
69472
69476
69480
69484
69512
69528
69536
69603
69607
69611
69715
69735
69739
69743
69747
69751
69755
69791
69795
69799
69819
69923
69971
69983
70015
70019
70031
70035
70039
70043
70059
70063
70067
70175
70183
70187
70191
70195
70227
70231
70327
70363
70407
70455
70491
70503
70507
70511
70531
70535
70539
70555
70559
70707
70775
70779
70803
70807
70811
70911
71399
71403
71407
71647
71659
71663
71735
71787
72283
72327
72331
72335
72339
72343
72347
72411
72619
72699
72879
72999
73067
73231
73415
73655
73823
73827
73831
73835
73839
73843
73847
73851
73855
73911
74015
74067
74071
74087
74091
74095
74099
74111
74147
74151
74155
74167
74171
74175
74179
74191
74239
74271
74275
74279
74283
74287
74291
74463
74471
74475
74479
74483
74531
74535
74587
74591
74635
74707
74711
74851
74923
74927
74931
74935
75127
75131
75135
75147
75151
75155
75179
75183
75191
75195
75215
75219
75223
75227
75231
75251
75255
75259
75263
75267
75351
75355
75379
75407
75711
75867
75871
75875
75879
75931
75955
75975
76035
76039
76043
76047
76051
76067
76247
76407
76467
76491
76495
76499
76503
76519
76523
76547
76551
76555
76559
76567
76571
76575
76615
76647
76991
76995
76999
77111
77115
77119
77123
77127
77131
77135
77139
77143
77147
77171
77227
77247
77251
77299
77335
77355
77639
77643
77739
77787
77879
77883
77903
77907
77963
77967
77971
77975
77979
78167
78171
78271
78275
78279
78283
78287
78291
78411
78459
78691
78699
78707
78711
78715
78719
78723
78743
78747
78755
78763
78779
78795
78807
78811
78815
78819
78823
78827
78839
78883
78943
78951
78971
78975
78979
78983
78987
78991
78995
78999
79003
79007
79011
79079
79147
79151
79167
79175
79179
79183
79227
79231
79271
79275
79279
79291
79303
79599
79603
79615
79619
79623
79627
79631
79651
79655
79659
79663
79699
79703
79891
80007
80551
80555
80559
80571
80583
80603
80643
80659
80719
80723
80727
80731
80735
80835
80839
80891
80895
80899
80903
80907
80911
80915
80919
80931
80935
80939
80943
81179
81183
81195
81211
81235
81239
81243
81247
81251
81255
81259
81263
81267
81271
81275
81279
81283
81287
81291
81295
81307
81311
81339
81363
81367
81371
81407
81487
81491
81495
81499
81511
81515
81519
81523
81671
81679
81687
81827
81871
81947
82003
82031
82055
82103
82107
82111
82175
82183
82187
82191
82195
82207
82215
82219
82223
82227
82235
82239
82243
82255
82299
82307
82311
82555
82851
82855
82859
83143
83259
83263
83267
83271
83295
83299
84087
84091
84095
