10152
10216
10224
10256
10272
10276
10576
10596
10628
10708
10756
10788
10948
10964
10972
11020
11024
11028
11216
11240
11332
11344
11352
11364
11396
11412
11424
11460
11576
11580
11600
11652
11668
11860
12008
12012
12068
12120
12140
12260
12280
12376
12420
12452
12456
12593
12617
12697
12709
12713
12717
12793
12801
12837
12905
12953
12965
12973
13069
13077
13121
13133
13205
13241
13253
13289
13353
13361
13377
13413
13429
13497
13509
13517
13549
13553
13565
13581
13585
13609
13613
13673
13689
13697
13749
13941
13985
13989
14017
14045
14145
14209
14213
14357
14425
14433
14529
14597
14629
14785
14797
14801
14805
14877
14913
15225
15229
15377
15465
15513
15609
15653
15669
15765
15769
15773
15881
15913
15953
16009
16049
16109
16125
16229
16273
16281
16325
16333
16341
16373
16397
16525
16529
16577
16769
16825
16913
16937
17005
17065
17133
17157
17165
17237
17301
17417
17553
17601
17825
17929
17989
18113
18133
18145
18153
18157
18213
18245
18333
18373
18377
18381
18389
18437
18589
18605
18629
18665
18673
18737
18765
18869
18997
19049
19073
19129
19197
19201
19293
19365
19417
19429
19433
19573
19801
19877
19889
19893
19961
20061
20105
20109
20117
20153
20181
20209
20245
20313
20329
20333
20409
20509
20700
20708
20780
20824
20940
21140
21216
21224
21248
21288
21292
21360
21436
21544
21644
21804
21920
21944
22004
22036
22072
22088
22096
22268
22312
22440
22448
22472
22508
22516
22656
22712
22720
22740
22796
22860
22940
23052
23088
23096
23100
23148
23172
23292
23324
23332
23356
23388
23448
23452
23516
23560
23752
23764
23776
23832
23844
23880
24008
24036
24152
24156
24212
24256
24276
24400
24588
24592
24674
24698
24898
24952
24980
25021
25037
25094
25098
25104
25108
25237
25253
25428
25568
25690
25948
26055
26064
27377
27461
27465
27473
27510
27570
27606
27650
27674
27678
27682
27686
27690
27698
27710
28090
28122
28126
28162
28246
28262
28378
28386
28506
28582
29775
30295
30347
30387
30519
30647
30727
30871
30939
31327
31331
31335
31915
32083
32359
32671
32931
32939
32943
33307
33363
33367
33371
33399
33423
33563
33707
33815
33963
34071
34243
34363
34407
34515
34675
34679
35439
35655
35751
35847
36079
36179
36183
36215
36227
36407
36787
36823
36847
37367
37459
37467
38055
40371
40443
41944
42064
42400
42408
42436
42484
42644
42884
42888
43344
43384
43540
43616
43684
43688
43692
43696
43716
44364
44640
44668
44748
44880
45124
45468
45892
45896
46020
46036
46040
46608
46896
46900
46904
46908
47836
48432
48580
48768
48780
48872
49220
49232
49236
49240
49248
49252
49256
49260
49284
49292
49296
49300
49416
49420
49424
49428
49624
50248
50880
50912
51496
51680
51684
52388
52392
52552
52556
52604
52616
52632
53716
53720
53724
53900
53904
53920
54288
54292
54296
54564
54580
55412
55564
55580
56100
56304
56552
56924
56948
56952
56956
57020
57068
57308
57316
57820
58120
59112
59176
59832
60168
61156
61392
61396
61588
61656
61660
61664
62084
63420
63424
63428
63440
63444
63448
63452
64536
64540
65436
65708
65712
66032
67012
67840
69536
70191
70195
70911
73839
73911
74087
74091
74271
74291
