10001
10002
10005
10006
10009
10010
10013
10014
10017
10018
10021
10022
10025
10026
10029
10030
10033
10034
10037
10038
10041
10042
10045
10046
10049
10050
10053
10054
10057
10058
10061
10062
10065
10066
10073
10074
10077
10078
10081
10082
10085
10086
10089
10090
10093
10094
10097
10098
10101
10102
10105
10106
10109
10110
10113
10114
10117
10118
10121
10122
10125
10126
10129
10130
10133
10134
10137
10138
10141
10142
10145
10146
10149
10150
10153
10154
10157
10158
10161
10162
10165
10166
10169
10170
10173
10174
10177
10178
10181
10182
10185
10186
10189
10190
10193
10194
10197
10198
10201
10202
10205
10206
10209
10210
10213
10214
10217
10218
10221
10222
10225
10226
10229
10230
10233
10234
10237
10238
10241
10242
10245
10246
10249
10250
10253
10254
10261
10262
10265
10266
10269
10270
10273
10274
10277
10278
10281
10282
10285
10286
10289
10290
10293
10294
10297
10298
10301
10302
10305
10306
10313
10314
10317
10318
10321
10322
10325
10326
10329
10330
10333
10334
10337
10338
10341
10342
10345
10346
10349
10350
10353
10354
10357
10358
10361
10362
10365
10366
10369
10370
10373
10374
10377
10378
10381
10382
10385
10386
10389
10390
10393
10394
10397
10398
10401
10402
10409
10410
10413
10414
10417
10418
10421
10422
10425
10426
10429
10430
10433
10434
10437
10438
10441
10442
10445
10446
10449
10450
10453
10454
10457
10458
10461
10462
10469
10470
10473
10474
10481
10482
10485
10486
10489
10490
10493
10494
10501
10502
10509
10510
10517
10518
10521
10522
10525
10526
10529
10530
10533
10534
10537
10538
10541
10542
10549
10550
10553
10554
10557
10558
10561
10562
10565
10566
10569
10570
10573
10574
10577
10578
10585
10586
10589
10590
10593
10594
10597
10598
10601
10602
10605
10606
10609
10610
10613
10614
10617
10618
10621
10622
10633
10634
10637
10638
10645
10646
10649
10650
10653
10654
10657
10658
10661
10662
10665
10666
10669
10670
10673
10674
10677
10678
10681
10682
10685
10686
10689
10690
10693
10694
10697
10698
10701
10702
10705
10706
10709
10710
10713
10714
10717
10718
10721
10722
10725
10726
10729
10730
10733
10734
10737
10738
10741
10742
10745
10746
10749
10750
10757
10758
10761
10762
10765
10766
10769
10770
10773
10774
10777
10778
10781
10782
10785
10786
10789
10790
10793
10794
10797
10798
10801
10802
10805
10806
10809
10810
10813
10814
10817
10818
10821
10822
10825
10826
10829
10830
10833
10834
10837
10838
10841
10842
10845
10846
10849
10850
10853
10854
10857
10858
10861
10862
10865
10866
10869
10870
10873
10874
10877
10878
10881
10882
10885
10886
10893
10894
10897
10898
10901
10902
10905
10906
10909
10910
10913
10914
10925
10926
10929
10930
10933
10934
10937
10938
10941
10942
10945
10946
10949
10950
10953
10954
10957
10958
10961
10962
10965
10966
10969
10970
10977
10978
10981
10982
10985
10986
10989
10990
10993
10994
10997
10998
11001
11002
11005
11006
11009
11010
11013
11014
11017
11018
11021
11022
11025
11026
11029
11030
11033
11034
11037
11038
11041
11042
11045
11046
11049
11050
11053
11054
11057
11058
11061
11062
11065
11066
11069
11070
11073
11074
11077
11078
11081
11082
11085
11086
11089
11090
11093
11094
11097
11098
11101
11102
11105
11106
11113
11114
11121
11122
11129
11130
11133
11134
11137
11138
11141
11142
11149
11150
11153
11154
11157
11158
11161
11162
11165
11166
11169
11170
11173
11174
11177
11178
11181
11182
11185
11186
11189
11190
11193
11194
11197
11198
11205
11206
11213
11214
11217
11218
11221
11222
11225
11226
11229
11230
11233
11234
11237
11238
11241
11242
11253
11254
11257
11258
11261
11262
11265
11266
11269
11270
11273
11274
11277
11278
11281
11282
11285
11286
11289
11290
11293
11294
11297
11298
11301
11302
11305
11306
11309
11310
11313
11314
11317
11318
11321
11322
11329
11330
11337
11338
11341
11342
11345
11346
11349
11350
11353
11354
11357
11358
11365
11366
11373
11374
11377
11378
11381
11382
11385
11386
11389
11390
11393
11394
11397
11398
11401
11402
11405
11406
11409
11410
11413
11414
11417
11418
11421
11422
11425
11426
11429
11430
11433
11434
11437
11438
11441
11442
11445
11446
11449
11450
11453
11454
11457
11458
11461
11462
11465
11466
11469
11470
11473
11474
11477
11478
11481
11482
11485
11486
11489
11490
11493
11494
11497
11498
11501
11502
11505
11506
11509
11510
11513
11514
11517
11518
11521
11522
11525
11526
11529
11530
11533
11534
11537
11538
11541
11542
11545
11546
11549
11550
11553
11554
11557
11558
11561
11562
11565
11566
11569
11570
11573
11574
11577
11578
11581
11582
11585
11586
11589
11590
11593
11594
11597
11598
11601
11602
11613
11614
11621
11622
11625
11626
11629
11630
11633
11634
11637
11638
11641
11642
11645
11646
11649
11650
11653
11654
11657
11658
11661
11662
11665
11666
11673
11674
11677
11678
11681
11682
11685
11686
11689
11690
11693
11694
11697
11698
11701
11702
11705
11706
11709
11710
11713
11714
11717
11718
11721
11722
11725
11726
11729
11730
11733
11734
11737
11738
11741
11742
11745
11746
11749
11750
11753
11754
11757
11758
11765
11766
11769
11770
11773
11774
11777
11778
11781
11782
11785
11786
11789
11790
11793
11794
11797
11798
11801
11802
11805
11806
11809
11810
11813
11814
11817
11818
11821
11822
11825
11826
11829
11830
11833
11834
11837
11838
11841
11842
11845
11846
11849
11850
11853
11854
11857
11858
11861
11862
11865
11866
11869
11870
11873
11874
11877
11878
11881
11882
11885
11886
11889
11890
11893
11894
11897
11898
11901
11902
11905
11906
11909
11910
11913
11914
11917
11918
11921
11922
11925
11926
11929
11930
11933
11934
11937
11938
11941
11942
11945
11946
11949
11950
11953
11954
11957
11958
11961
11962
11965
11966
11969
11970
11973
11974
11977
11978
11981
11982
11985
11986
11989
11990
11993
11994
11997
11998
12001
12002
12005
12006
12009
12010
12013
12014
12017
12018
12021
12022
12025
12026
12029
12030
12033
12034
12037
12038
12041
12042
12045
12046
12049
12050
12053
12054
12057
12058
12061
12062
12069
12070
12073
12074
12077
12078
12081
12082
12085
12086
12089
12090
12093
12094
12097
12098
12101
12102
12105
12106
12113
12114
12117
12118
12121
12122
12125
12126
12129
12130
12133
12134
12137
12138
12141
12142
12145
12146
12153
12154
12157
12158
12161
12162
12165
12166
12169
12170
12173
12174
12177
12178
12181
12182
12185
12186
12189
12190
12193
12194
12197
12198
12201
12202
12205
12206
12209
12210
12213
12214
12217
12218
12221
12222
12229
12230
12233
12234
12237
12238
12241
12242
12249
12250
12253
12254
12257
12258
12261
12262
12269
12270
12273
12274
12277
12278
12281
12282
12285
12286
12289
12290
12293
12294
12297
12298
12301
12302
12305
12306
12309
12310
12313
12314
12317
12318
12321
12322
12325
12326
12333
12334
12337
12338
12341
12342
12345
12346
12349
12350
12353
12354
12357
12358
12361
12362
12365
12366
12369
12370
12373
12374
12377
12378
12381
12382
12385
12386
12389
12390
12397
12398
12401
12402
12405
12406
12409
12410
12413
12414
12417
12418
12421
12422
12425
12426
12429
12430
12433
12434
12437
12438
12441
12442
12445
12446
12449
12450
12453
12454
12457
12458
12461
12462
12465
12466
12469
12470
12473
12474
12477
12478
12481
12482
12485
12486
12489
12490
12493
12494
12497
12498
12501
12502
12505
12506
12509
12510
12513
12514
12517
12518
12521
12522
12525
12526
12533
12534
12537
12538
12541
12542
12545
12546
12549
12550
12553
12554
12557
12558
12561
12562
12569
12570
12573
12574
12577
12578
12581
12582
12585
12586
12589
12590
12594
12595
12598
12599
12602
12603
12606
12607
12610
12611
12614
12615
12618
12619
12622
12623
12626
12627
12630
12631
12634
12635
12638
12639
12642
12643
12646
12647
12650
12651
12654
12655
12658
12659
12662
12663
12666
12667
12670
12671
12674
12675
12678
12679
12682
12683
12686
12687
12690
12691
12694
12695
12698
12699
12702
12703
12706
12707
12710
12711
12714
12715
12718
12719
12722
12723
12726
12727
12730
12731
12734
12735
12738
12739
12742
12743
12746
12747
12750
12751
12754
12755
12758
12759
12762
12763
12766
12767
12770
12771
12774
12775
12794
12795
12798
12799
12802
12803
12806
12807
12810
12811
12814
12815
12818
12819
12822
12823
12826
12827
12830
12831
12834
12835
12838
12839
12842
12843
12850
12851
12854
12855
12858
12859
12862
12863
12866
12867
12870
12871
12874
12875
12878
12879
12882
12883
12886
12887
12890
12891
12894
12895
12898
12899
12902
12903
12906
12907
12910
12911
12914
12915
12918
12919
12922
12923
12926
12927
12930
12931
12934
12935
12938
12939
12942
12943
12946
12947
12950
12951
12954
12955
12958
12959
12962
12963
12966
12967
12970
12971
12974
12975
12978
12979
12982
12983
12986
12987
12994
12995
12998
12999
13002
13003
13006
13007
13010
13011
13014
13015
13018
13019
13022
13023
13026
13027
13030
13031
13034
13035
13038
13039
13042
13043
13046
13047
13050
13051
13054
13055
13058
13059
13062
13063
13066
13067
13070
13071
13074
13075
13082
13083
13086
13087
13090
13091
13094
13095
13098
13099
13102
13103
13106
13107
13110
13111
13114
13115
13118
13119
13122
13123
13126
13127
13130
13131
13138
13139
13142
13143
13146
13147
13150
13151
13154
13155
13158
13159
13162
13163
13170
13171
13174
13175
13178
13179
13182
13183
13186
13187
13190
13191
13194
13195
13198
13199
13202
13203
13206
13207
13214
13215
13218
13219
13222
13223
13234
13235
13238
13239
13242
13243
13246
13247
13250
13251
13254
13255
13266
13267
13270
13271
13274
13275
13282
13283
13286
13287
13302
13303
13306
13307
13310
13311
13314
13315
13318
13319
13322
13323
13326
13327
13330
13331
13334
13335
13338
13339
13346
13347
13350
13351
13358
13359
13362
13363
13370
13371
13378
13379
13382
13383
13386
13387
13390
13391
13398
13399
13402
13403
13406
13407
13410
13411
13414
13415
13418
13419
13422
13423
13426
13427
13430
13431
13434
13435
13438
13439
13442
13443
13446
13447
13450
13451
13454
13455
13458
13459
13462
13463
13466
13467
13470
13471
13474
13475
13478
13479
13482
13483
13486
13487
13490
13491
13494
13495
13498
13499
13502
13503
13506
13507
13510
13511
13514
13515
13518
13519
13522
13523
13526
13527
13530
13531
13538
13539
13542
13543
13546
13547
13550
13551
13554
13555
13558
13559
13562
13563
13578
13579
13582
13583
13586
13587
13590
13591
13598
13599
13602
13603
13606
13607
13610
13611
13614
13615
13618
13619
13626
13627
13630
13631
13634
13635
13638
13639
13642
13643
13658
13659
13662
13663
13666
13667
13670
13671
13674
13675
13678
13679
13682
13683
13686
13687
13690
13691
13694
13695
13698
13699
13702
13703
13706
13707
13718
13719
13722
13723
13726
13727
13730
13731
13734
13735
13738
13739
13742
13743
13746
13747
13750
13751
13754
13755
13758
13759
13762
13763
13766
13767
13770
13771
13774
13775
13778
13779
13782
13783
13786
13787
13794
13795
13802
13803
13806
13807
13810
13811
13814
13815
13818
13819
13822
13823
13826
13827
13830
13831
13834
13835
13838
13839
13842
13843
13846
13847
13850
13851
13854
13855
13862
13863
13870
13871
13874
13875
13878
13879
13882
13883
13886
13887
13890
13891
13894
13895
13898
13899
13902
13903
13906
13907
13910
13911
13914
13915
13918
13919
13922
13923
13926
13927
13930
13931
13934
13935
13938
13939
13942
13943
13946
13947
13950
13951
13954
13955
13958
13959
13962
13963
13966
13967
13970
13971
13974
13975
13978
13979
13986
13987
13990
13991
13994
13995
13998
13999
14002
14003
14006
14007
14010
14011
14014
14015
14018
14019
14022
14023
14026
14027
14030
14031
14034
14035
14038
14039
14042
14043
14046
14047
14050
14051
14054
14055
14058
14059
14062
14063
14066
14067
14070
14071
14074
14075
14078
14079
14082
14083
14086
14087
14090
14091
14094
14095
14098
14099
14102
14103
14106
14107
14110
14111
14114
14115
14122
14123
14126
14127
14130
14131
14134
14135
14138
14139
14142
14143
14146
14147
14150
14151
14154
14155
14158
14159
14162
14163
14166
14167
14170
14171
14174
14175
14178
14179
14182
14183
14186
14187
14190
14191
14194
14195
14198
14199
14202
14203
14206
14207
14210
14211
14214
14215
14218
14219
14222
14223
14226
14227
14230
14231
14234
14235
14238
14239
14242
14243
14246
14247
14254
14255
14258
14259
14262
14263
14266
14267
14270
14271
14274
14275
14278
14279
14282
14283
14286
14287
14290
14291
14294
14295
14298
14299
14302
14303
14306
14307
14314
14315
14318
14319
14322
14323
14326
14327
14330
14331
14334
14335
14338
14339
14342
14343
14346
14347
14350
14351
14354
14355
14358
14359
14366
14367
14370
14371
14374
14375
14378
14379
14382
14383
14390
14391
14394
14395
14398
14399
14402
14403
14406
14407
14410
14411
14414
14415
14418
14419
14422
14423
14426
14427
14430
14431
14434
14435
14438
14439
14442
14443
14446
14447
14450
14451
14458
14459
14462
14463
14466
14467
14470
14471
14474
14475
14478
14479
14482
14483
14486
14487
14490
14491
14494
14495
14498
14499
14502
14503
14506
14507
14510
14511
14514
14515
14518
14519
14522
14523
14526
14527
14530
14531
14534
14535
14538
14539
14542
14543
14546
14547
14550
14551
14554
14555
14558
14559
14562
14563
14566
14567
14570
14571
14574
14575
14582
14583
14586
14587
14590
14591
14598
14599
14602
14603
14606
14607
14610
14611
14614
14615
14618
14619
14622
14623
14630
14631
14634
14635
14638
14639
14642
14643
14650
14651
14654
14655
14658
14659
14666
14667
14670
14671
14674
14675
14682
14683
14686
14687
14690
14691
14698
14699
14702
14703
14706
14707
14710
14711
14714
14715
14718
14719
14722
14723
14726
14727
14730
14731
14734
14735
14738
14739
14742
14743
14750
14751
14754
14755
14758
14759
14762
14763
14766
14767
14770
14771
14774
14775
14778
14779
14782
14783
14790
14791
14794
14795
14798
14799
14802
14803
14806
14807
14810
14811
14814
14815
14818
14819
14822
14823
14826
14827
14830
14831
14834
14835
14838
14839
14842
14843
14846
14847
14850
14851
14854
14855
14858
14859
14862
14863
14866
14867
14870
14871
14874
14875
14878
14879
14882
14883
14886
14887
14890
14891
14894
14895
14902
14903
14906
14907
14910
14911
14914
14915
14918
14919
14922
14923
14926
14927
14930
14931
14934
14935
14938
14939
14946
14947
14950
14951
14962
14963
14966
14967
14970
14971
14974
14975
14978
14979
14982
14983
14986
14987
14994
14995
14998
14999
15002
15003
15006
15007
15010
15011
15014
15015
15018
15019
15022
15023
15026
15027
15030
15031
15034
15035
15038
15039
15042
15043
15046
15047
15050
15051
15054
15055
15058
15059
15062
15063
15066
15067
15070
15071
15074
15075
15078
15079
15082
15083
15086
15087
15090
15091
15094
15095
15098
15099
15102
15103
15106
15107
15110
15111
15114
15115
15118
15119
15122
15123
15130
15131
15134
15135
15138
15139
15142
15143
15146
15147
15150
15151
15154
15155
15158
15159
15162
15163
15166
15167
15170
15171
15174
15175
15178
15179
15182
15183
15186
15187
15190
15191
15194
15195
15198
15199
15202
15203
15210
15211
15214
15215
15218
15219
15222
15223
15226
15227
15230
15231
15234
15235
15238
15239
15242
15243
15246
15247
15250
15251
15254
15255
15258
15259
15262
15263
15266
15267
15270
15271
15274
15275
15278
15279
15282
15283
15286
15287
15298
15299
15302
15303
15306
15307
15310
15311
15314
15315
15318
15319
15322
15323
15326
15327
15330
15331
15334
15335
15338
15339
15342
15343
15346
15347
15350
15351
15354
15355
15358
15359
15366
15367
15370
15371
15374
15375
15378
15379
15382
15383
15386
15387
15390
15391
15394
15395
15398
15399
15410
15411
15414
15415
15418
15419
15422
15423
15426
15427
15430
15431
15434
15435
15438
15439
15446
15447
15450
15451
15454
15455
15458
15459
15466
15467
15470
15471
15474
15475
15478
15479
15482
15483
15486
15487
15490
15491
15498
15499
15502
15503
15506
15507
15510
15511
15514
15515
15518
15519
15522
15523
15530
15531
15534
15535
15538
15539
15542
15543
15546
15547
15550
15551
15554
15555
15558
15559
15562
15563
15566
15567
15574
15575
15578
15579
15582
15583
15586
15587
15590
15591
15594
15595
15598
15599
15602
15603
15606
15607
15610
15611
15614
15615
15618
15619
15622
15623
15626
15627
15630
15631
15634
15635
15642
15643
15646
15647
15650
15651
15654
15655
15658
15659
15662
15663
15666
15667
15670
15671
15674
15675
15678
15679
15682
15683
15690
15691
15694
15695
15698
15699
15710
15711
15714
15715
15718
15719
15722
15723
15726
15727
15730
15731
15734
15735
15738
15739
15742
15743
15750
15751
15754
15755
15758
15759
15762
15763
15766
15767
15770
15771
15774
15775
15778
15779
15782
15783
15790
15791
15794
15795
15798
15799
15802
15803
15806
15807
15810
15811
15814
15815
15818
15819
15822
15823
15826
15827
15830
15831
15834
15835
15838
15839
15842
15843
15850
15851
15854
15855
15858
15859
15862
15863
15866
15867
15870
15871
15878
15879
15882
15883
15886
15887
15890
15891
15894
15895
15898
15899
15902
15903
15906
15907
15910
15911
15914
15915
15918
15919
15922
15923
15926
15927
15930
15931
15934
15935
15938
15939
15942
15943
15946
15947
15950
15951
15954
15955
15958
15959
15962
15963
15966
15967
15970
15971
15974
15975
15978
15979
15982
15983
15986
15987
15990
15991
15994
15995
15998
15999
16002
16003
16006
16007
16010
16011
16014
16015
16022
16023
16026
16027
16030
16031
16034
16035
16038
16039
16046
16047
16050
16051
16054
16055
16058
16059
16062
16063
16066
16067
16070
16071
16074
16075
16082
16083
16086
16087
16090
16091
16094
16095
16098
16099
16106
16107
16110
16111
16114
16115
16118
16119
16122
16123
16126
16127
16130
16131
16134
16135
16138
16139
16142
16143
16146
16147
16150
16151
16154
16155
16158
16159
16162
16163
16166
16167
16170
16171
16174
16175
16178
16179
16182
16183
16186
16187
16190
16191
16194
16195
16198
16199
16202
16203
16206
16207
16210
16211
16218
16219
16222
16223
16226
16227
16230
16231
16234
16235
16238
16239
16242
16243
16246
16247
16250
16251
16254
16255
16258
16259
16262
16263
16266
16267
16270
16271
16274
16275
16278
16279
16282
16283
16286
16287
16290
16291
16294
16295
16298
16299
16302
16303
16306
16307
16310
16311
16314
16315
16318
16319
16322
16323
16326
16327
16330
16331
16334
16335
16338
16339
16342
16343
16346
16347
16350
16351
16354
16355
16358
16359
16362
16363
16366
16367
16370
16371
16374
16375
16378
16379
16382
16383
16386
16387
16390
16391
16394
16395
16398
16399
16406
16407
16410
16411
16414
16415
16418
16419
16422
16423
16426
16427
16430
16431
16438
16439
16442
16443
16446
16447
16450
16451
16454
16455
16458
16459
16462
16463
16466
16467
16470
16471
16474
16475
16478
16479
16482
16483
16486
16487
16490
16491
16494
16495
16498
16499
16502
16503
16506
16507
16510
16511
16514
16515
16518
16519
16522
16523
16526
16527
16530
16531
16534
16535
16538
16539
16542
16543
16546
16547
16554
16555
16558
16559
16562
16563
16566
16567
16570
16571
16574
16575
16578
16579
16582
16583
16586
16587
16590
16591
16594
16595
16598
16599
16602
16603
16606
16607
16610
16611
16614
16615
16618
16619
16622
16623
16626
16627
16630
16631
16634
16635
16642
16643
16646
16647
16650
16651
16654
16655
16658
16659
16662
16663
16666
16667
16670
16671
16674
16675
16678
16679
16690
16691
16694
16695
16698
16699
16702
16703
16706
16707
16710
16711
16714
16715
16718
16719
16726
16727
16730
16731
16734
16735
16738
16739
16742
16743
16746
16747
16750
16751
16754
16755
16758
16759
16762
16763
16766
16767
16770
16771
16774
16775
16778
16779
16782
16783
16786
16787
16790
16791
16794
16795
16802
16803
16806
16807
16810
16811
16814
16815
16818
16819
16822
16823
16826
16827
16830
16831
16834
16835
16838
16839
16842
16843
16846
16847
16854
16855
16858
16859
16862
16863
16866
16867
16870
16871
16874
16875
16878
16879
16882
16883
16886
16887
16890
16891
16894
16895
16898
16899
16902
16903
16906
16907
16910
16911
16914
16915
16918
16919
16922
16923
16926
16927
16930
16931
16934
16935
16938
16939
16942
16943
16946
16947
16950
16951
16954
16955
16958
16959
16962
16963
16966
16967
16970
16971
16974
16975
16978
16979
16982
16983
16986
16987
16990
16991
16994
16995
16998
16999
17002
17003
17006
17007
17010
17011
17014
17015
17018
17019
17022
17023
17026
17027
17030
17031
17034
17035
17038
17039
17042
17043
17050
17051
17054
17055
17058
17059
17062
17063
17066
17067
17074
17075
17078
17079
17082
17083
17086
17087
17090
17091
17094
17095
17098
17099
17102
17103
17106
17107
17110
17111
17114
17115
17118
17119
17122
17123
17126
17127
17130
17131
17134
17135
17138
17139
17142
17143
17146
17147
17150
17151
17154
17155
17158
17159
17162
17163
17166
17167
17170
17171
17174
17175
17178
17179
17182
17183
17186
17187
17194
17195
17198
17199
17202
17203
17206
17207
17210
17211
17214
17215
17222
17223
17226
17227
17230
17231
17234
17235
17238
17239
17242
17243
17246
17247
17250
17251
17258
17259
17262
17263
17266
17267
17270
17271
17274
17275
17278
17279
17282
17283
17286
17287
17290
17291
17294
17295
17298
17299
17302
17303
17306
17307
17310
17311
17314
17315
17318
17319
17322
17323
17326
17327
17330
17331
17334
17335
17338
17339
17342
17343
17346
17347
17350
17351
17358
17359
17362
17363
17366
17367
17370
17371
17374
17375
17382
17383
17390
17391
17394
17395
17398
17399
17402
17403
17406
17407
17410
17411
17414
17415
17418
17419
17426
17427
17430
17431
17434
17435
17438
17439
17442
17443
17446
17447
17450
17451
17454
17455
17458
17459
17462
17463
17466
17467
17470
17471
17474
17475
17478
17479
17482
17483
17486
17487
17490
17491
17494
17495
17498
17499
17502
17503
17506
17507
17510
17511
17518
17519
17522
17523
17526
17527
17534
17535
17538
17539
17542
17543
17546
17547
17550
17551
17554
17555
17558
17559
17562
17563
17566
17567
17570
17571
17574
17575
17578
17579
17582
17583
17590
17591
17594
17595
17598
17599
17602
17603
17606
17607
17610
17611
17614
17615
17618
17619
17622
17623
17626
17627
17630
17631
17634
17635
17638
17639
17642
17643
17646
17647
17650
17651
17654
17655
17658
17659
17662
17663
17666
17667
17670
17671
17674
17675
17678
17679
17682
17683
17686
17687
17690
17691
17698
17699
17702
17703
17710
17711
17714
17715
17718
17719
17722
17723
17726
17727
17730
17731
17734
17735
17738
17739
17742
17743
17746
17747
17750
17751
17754
17755
17758
17759
17762
17763
17766
17767
17770
17771
17774
17775
17778
17779
17782
17783
17786
17787
17790
17791
17794
17795
17802
17803
17806
17807
17810
17811
17814
17815
17818
17819
17822
17823
17826
17827
17834
17835
17838
17839
17842
17843
17846
17847
17850
17851
17854
17855
17858
17859
17862
17863
17866
17867
17870
17871
17874
17875
17878
17879
17882
17883
17886
17887
17890
17891
17898
17899
17902
17903
17906
17907
17910
17911
17914
17915
17922
17923
17926
17927
17930
17931
17934
17935
17938
17939
17942
17943
17946
17947
17950
17951
17954
17955
17958
17959
17962
17963
17966
17967
17970
17971
17974
17975
17978
17979
17986
17987
17990
17991
17994
17995
17998
17999
18002
18003
18006
18007
18010
18011
18014
18015
18018
18019
18022
18023
18030
18031
18034
18035
18038
18039
18042
18043
18046
18047
18050
18051
18054
18055
18058
18059
18062
18063
18066
18067
18070
18071
18074
18075
18078
18079
18082
18083
18086
18087
18090
18091
18094
18095
18098
18099
18102
18103
18106
18107
18110
18111
18114
18115
18118
18119
18122
18123
18126
18127
18130
18131
18134
18135
18138
18139
18142
18143
18146
18147
18150
18151
18154
18155
18158
18159
18162
18163
18166
18167
18170
18171
18174
18175
18178
18179
18182
18183
18186
18187
18194
18195
18198
18199
18202
18203
18206
18207
18210
18211
18214
18215
18222
18223
18230
18231
18238
18239
18242
18243
18246
18247
18254
18255
18258
18259
18262
18263
18266
18267
18270
18271
18274
18275
18278
18279
18282
18283
18286
18287
18290
18291
18294
18295
18298
18299
18302
18303
18306
18307
18310
18311
18314
18315
18318
18319
18322
18323
18326
18327
18330
18331
18334
18335
18338
18339
18342
18343
18346
18347
18350
18351
18354
18355
18358
18359
18366
18367
18370
18371
18374
18375
18378
18379
18382
18383
18386
18387
18390
18391
18394
18395
18398
18399
18402
18403
18406
18407
18410
18411
18414
18415
18418
18419
18422
18423
18426
18427
18434
18435
18438
18439
18442
18443
18446
18447
18450
18451
18458
18459
18462
18463
18466
18467
18470
18471
18474
18475
18478
18479
18482
18483
18486
18487
18490
18491
18494
18495
18498
18499
18502
18503
18506
18507
18510
18511
18514
18515
18522
18523
18526
18527
18530
18531
18534
18535
18538
18539
18542
18543
18546
18547
18554
18555
18558
18559
18562
18563
18566
18567
18570
18571
18574
18575
18578
18579
18582
18583
18586
18587
18590
18591
18594
18595
18598
18599
18602
18603
18606
18607
18610
18611
18614
18615
18618
18619
18622
18623
18626
18627
18630
18631
18634
18635
18638
18639
18646
18647
18650
18651
18654
18655
18658
18659
18662
18663
18670
18671
18674
18675
18682
18683
18686
18687
18690
18691
18694
18695
18698
18699
18702
18703
18706
18707
18710
18711
18718
18719
18722
18723
18726
18727
18738
18739
18742
18743
18746
18747
18750
18751
18754
18755
18758
18759
18762
18763
18766
18767
18770
18771
18774
18775
18778
18779
18782
18783
18786
18787
18790
18791
18794
18795
18798
18799
18806
18807
18810
18811
18814
18815
18818
18819
18822
18823
18830
18831
18834
18835
18838
18839
18842
18843
18846
18847
18850
18851
18854
18855
18858
18859
18862
18863
18866
18867
18870
18871
18874
18875
18878
18879
18882
18883
18886
18887
18890
18891
18894
18895
18898
18899
18902
18903
18906
18907
18910
18911
18914
18915
18926
18927
18930
18931
18934
18935
18938
18939
18942
18943
18946
18947
18950
18951
18954
18955
18958
18959
18962
18963
18966
18967
18970
18971
18974
18975
18978
18979
18982
18983
18986
18987
18990
18991
18994
18995
18998
18999
19010
19011
19014
19015
19018
19019
19022
19023
19026
19027
19030
19031
19034
19035
19038
19039
19042
19043
19046
19047
19050
19051
19054
19055
19058
19059
19062
19063
19070
19071
19074
19075
19078
19079
19082
19083
19086
19087
19090
19091
19094
19095
19102
19103
19106
19107
19110
19111
19114
19115
19118
19119
19122
19123
19126
19127
19130
19131
19134
19135
19138
19139
19142
19143
19146
19147
19150
19151
19154
19155
19158
19159
19166
19167
19170
19171
19174
19175
19178
19179
19182
19183
19186
19187
19190
19191
19194
19195
19198
19199
19202
19203
19206
19207
19210
19211
19214
19215
19218
19219
19222
19223
19226
19227
19230
19231
19234
19235
19238
19239
19242
19243
19246
19247
19250
19251
19254
19255
19258
19259
19262
19263
19266
19267
19270
19271
19274
19275
19278
19279
19282
19283
19290
19291
19294
19295
19298
19299
19302
19303
19306
19307
19310
19311
19314
19315
19318
19319
19322
19323
19326
19327
19330
19331
19334
19335
19338
19339
19342
19343
19346
19347
19350
19351
19354
19355
19358
19359
19362
19363
19366
19367
19370
19371
19374
19375
19378
19379
19382
19383
19386
19387
19390
19391
19394
19395
19398
19399
19402
19403
19406
19407
19410
19411
19414
19415
19422
19423
19426
19427
19430
19431
19434
19435
19438
19439
19442
19443
19446
19447
19454
19455
19458
19459
19462
19463
19466
19467
19470
19471
19474
19475
19478
19479
19482
19483
19486
19487
19490
19491
19494
19495
19498
19499
19502
19503
19506
19507
19510
19511
19514
19515
19518
19519
19522
19523
19526
19527
19530
19531
19534
19535
19538
19539
19542
19543
19546
19547
19550
19551
19554
19555
19558
19559
19562
19563
19566
19567
19570
19571
19578
19579
19582
19583
19586
19587
19598
19599
19602
19603
19606
19607
19610
19611
19614
19615
19618
19619
19622
19623
19626
19627
19630
19631
19634
19635
19638
19639
19642
19643
19646
19647
19650
19651
19654
19655
19658
19659
19662
19663
19666
19667
19670
19671
19674
19675
19678
19679
19682
19683
19686
19687
19690
19691
19694
19695
19698
19699
19702
19703
19706
19707
19710
19711
19714
19715
19718
19719
19722
19723
19726
19727
19730
19731
19734
19735
19738
19739
19742
19743
19746
19747
19754
19755
19758
19759
19762
19763
19766
19767
19770
19771
19774
19775
19778
19779
19782
19783
19786
19787
19790
19791
19798
19799
19802
19803
19806
19807
19810
19811
19814
19815
19818
19819
19822
19823
19826
19827
19830
19831
19834
19835
19838
19839
19842
19843
19846
19847
19850
19851
19858
19859
19862
19863
19866
19867
19870
19871
19874
19875
19878
19879
19882
19883
19886
19887
19890
19891
19894
19895
19898
19899
19902
19903
19906
19907
19910
19911
19914
19915
19922
19923
19926
19927
19934
19935
19938
19939
19942
19943
19946
19947
19950
19951
19954
19955
19958
19959
19962
19963
19966
19967
19970
19971
19974
19975
19978
19979
19982
19983
19986
19987
19990
19991
19994
19995
19998
19999
20002
20003
20006
20007
20010
20011
20014
20015
20018
20019
20022
20023
20026
20027
20030
20031
20034
20035
20038
20039
20042
20043
20046
20047
20050
20051
20054
20055
20058
20059
20062
20063
20066
20067
20070
20071
20074
20075
20078
20079
20082
20083
20086
20087
20090
20091
20094
20095
20098
20099
20102
20103
20106
20107
20110
20111
20114
20115
20118
20119
20122
20123
20126
20127
20130
20131
20134
20135
20138
20139
20142
20143
20150
20151
20154
20155
20162
20163
20166
20167
20178
20179
20182
20183
20186
20187
20190
20191
20194
20195
20202
20203
20206
20207
20210
20211
20214
20215
20218
20219
20222
20223
20226
20227
20230
20231
20234
20235
20238
20239
20242
20243
20246
20247
20250
20251
20254
20255
20258
20259
20262
20263
20266
20267
20270
20271
20274
20275
20278
20279
20282
20283
20286
20287
20290
20291
20294
20295
20298
20299
20302
20303
20306
20307
20310
20311
20314
20315
20318
20319
20322
20323
20326
20327
20330
20331
20334
20335
20338
20339
20342
20343
20346
20347
20350
20351
20354
20355
20358
20359
20362
20363
20366
20367
20370
20371
20374
20375
20378
20379
20382
20383
20386
20387
20390
20391
20394
20395
20398
20399
20402
20403
20406
20407
20410
20411
20418
20419
20422
20423
20426
20427
20430
20431
20434
20435
20438
20439
20442
20443
20446
20447
20450
20451
20454
20455
20458
20459
20462
20463
20470
20471
20474
20475
20482
20483
20486
20487
20490
20491
20494
20495
20498
20499
20506
20507
20510
20511
20514
20515
20518
20519
20522
20523
20526
20527
20530
20531
20534
20535
20538
20539
20542
20543
20546
20547
20550
20551
20554
20555
20558
20559
20562
20563
20566
20567
20570
20571
20574
20575
20578
20579
20582
20583
20586
20587
20590
20591
20594
20595
20598
20599
20606
20607
20610
20611
20614
20615
20618
20619
20622
20623
20626
20627
20630
20631
20634
20635
20638
20639
20642
20643
20650
20651
20654
20655
20658
20659
20662
20663
20666
20667
20670
20671
20674
20675
20678
20679
20682
20683
20686
20687
20690
20691
20697
20698
20701
20702
20705
20706
20709
20710
20713
20714
20717
20718
20721
20722
20725
20726
20729
20730
20733
20734
20737
20738
20741
20742
20745
20746
20749
20750
20753
20754
20757
20758
20765
20766
20769
20770
20773
20774
20777
20778
20781
20782
20785
20786
20789
20790
20793
20794
20797
20798
20801
20802
20805
20806
20813
20814
20817
20818
20821
20822
20825
20826
20829
20830
20833
20834
20841
20842
20845
20846
20849
20850
20853
20854
20857
20858
20861
20862
20865
20866
20873
20874
20877
20878
20881
20882
20885
20886
20889
20890
20893
20894
20897
20898
20901
20902
20905
20906
20913
20914
20917
20918
20921
20922
20925
20926
20929
20930
20933
20934
20937
20938
20941
20942
20945
20946
20949
20950
20953
20954
20957
20958
20961
20962
20965
20966
20969
20970
20973
20974
20977
20978
20981
20982
20985
20986
20989
20990
20993
20994
20997
20998
21001
21002
21005
21006
21009
21010
21017
21018
21021
21022
21025
21026
21029
21030
21033
21034
21037
21038
21041
21042
21045
21046
21049
21050
21053
21054
21061
21062
21065
21066
21069
21070
21077
21078
21081
21082
21089
21090
21093
21094
21097
21098
21105
21106
21109
21110
21113
21114
21117
21118
21125
21126
21129
21130
21133
21134
21137
21138
21141
21142
21149
21150
21153
21154
21157
21158
21161
21162
21165
21166
21173
21174
21177
21178
21181
21182
21189
21190
21197
21198
21201
21202
21205
21206
21209
21210
21213
21214
21217
21218
21221
21222
21225
21226
21229
21230
21233
21234
21237
21238
21241
21242
21245
21246
21253
21254
21257
21258
21261
21262
21265
21266
21269
21270
21273
21274
21277
21278
21281
21282
21285
21286
21289
21290
21293
21294
21297
21298
21301
21302
21305
21306
21309
21310
21313
21314
21317
21318
21321
21322
21325
21326
21333
21334
21337
21338
21341
21342
21349
21350
21353
21354
21357
21358
21361
21362
21365
21366
21369
21370
21373
21374
21377
21378
21381
21382
21385
21386
21389
21390
21393
21394
21397
21398
21401
21402
21405
21406
21409
21410
21413
21414
21417
21418
21421
21422
21425
21426
21429
21430
21433
21434
21437
21438
21441
21442
21445
21446
21449
21450
21453
21454
21457
21458
21461
21462
21465
21466
21469
21470
21473
21474
21481
21482
21489
21490
21493
21494
21497
21498
21501
21502
21505
21506
21509
21510
21513
21514
21517
21518
21521
21522
21525
21526
21533
21534
21537
21538
21541
21542
21545
21546
21549
21550
21553
21554
21557
21558
21561
21562
21565
21566
21569
21570
21573
21574
21577
21578
21581
21582
21585
21586
21589
21590
21593
21594
21597
21598
21601
21602
21605
21606
21609
21610
21613
21614
21617
21618
21621
21622
21625
21626
21629
21630
21633
21634
21637
21638
21641
21642
21645
21646
21649
21650
21653
21654
21657
21658
21661
21662
21665
21666
21669
21670
21673
21674
21677
21678
21681
21682
21685
21686
21693
21694
21697
21698
21701
21702
21705
21706
21709
21710
21713
21714
21717
21718
21721
21722
21725
21726
21729
21730
21733
21734
21737
21738
21741
21742
21745
21746
21749
21750
21753
21754
21757
21758
21761
21762
21765
21766
21769
21770
21773
21774
21777
21778
21781
21782
21789
21790
21793
21794
21797
21798
21801
21802
21805
21806
21809
21810
21813
21814
21817
21818
21821
21822
21825
21826
21829
21830
21833
21834
21837
21838
21841
21842
21845
21846
21849
21850
21853
21854
21857
21858
21861
21862
21865
21866
21869
21870
21877
21878
21881
21882
21885
21886
21889
21890
21893
21894
21897
21898
21909
21910
21913
21914
21917
21918
21921
21922
21925
21926
21929
21930
21933
21934
21937
21938
21945
21946
21949
21950
21953
21954
21957
21958
21965
21966
21969
21970
21973
21974
21977
21978
21985
21986
21989
21990
21993
21994
21997
21998
22001
22002
22005
22006
22009
22010
22013
22014
22017
22018
22021
22022
22025
22026
22029
22030
22033
22034
22041
22042
22045
22046
22049
22050
22053
22054
22057
22058
22061
22062
22065
22066
22069
22070
22073
22074
22081
22082
22085
22086
22089
22090
22093
22094
22101
22102
22105
22106
22109
22110
22113
22114
22117
22118
22121
22122
22125
22126
22129
22130
22133
22134
22137
22138
22141
22142
22145
22146
22157
22158
22161
22162
22165
22166
22169
22170
22173
22174
22177
22178
22181
22182
22185
22186
22189
22190
22193
22194
22201
22202
22205
22206
22209
22210
22213
22214
22217
22218
22221
22222
22225
22226
22229
22230
22233
22234
22237
22238
22241
22242
22245
22246
22249
22250
22253
22254
22257
22258
22261
22262
22265
22266
22269
22270
22273
22274
22277
22278
22281
22282
22285
22286
22289
22290
22293
22294
22297
22298
22301
22302
22309
22310
22313
22314
22317
22318
22321
22322
22325
22326
22329
22330
22333
22334
22337
22338
22341
22342
22345
22346
22349
22350
22353
22354
22357
22358
22361
22362
22365
22366
22369
22370
22373
22374
22377
22378
22385
22386
22389
22390
22397
22398
22401
22402
22405
22406
22409
22410
22417
22418
22421
22422
22425
22426
22429
22430
22433
22434
22437
22438
22441
22442
22445
22446
22449
22450
22457
22458
22461
22462
22465
22466
22469
22470
22473
22474
22477
22478
22481
22482
22485
22486
22489
22490
22493
22494
22501
22502
22505
22506
22513
22514
22517
22518
22521
22522
22525
22526
22529
22530
22533
22534
22537
22538
22541
22542
22545
22546
22549
22550
22553
22554
22561
22562
22565
22566
22569
22570
22573
22574
22577
22578
22581
22582
22585
22586
22589
22590
22593
22594
22597
22598
22601
22602
22605
22606
22609
22610
22613
22614
22617
22618
22621
22622
22625
22626
22629
22630
22637
22638
22641
22642
22645
22646
22649
22650
22653
22654
22657
22658
22661
22662
22665
22666
22669
22670
22673
22674
22677
22678
22681
22682
22685
22686
22689
22690
22693
22694
22697
22698
22701
22702
22705
22706
22709
22710
22713
22714
22717
22718
22721
22722
22725
22726
22729
22730
22733
22734
22737
22738
22745
22746
22749
22750
22753
22754
22757
22758
22761
22762
22765
22766
22769
22770
22773
22774
22777
22778
22781
22782
22785
22786
22789
22790
22793
22794
22797
22798
22801
22802
22805
22806
22809
22810
22813
22814
22817
22818
22821
22822
22825
22826
22829
22830
22833
22834
22837
22838
22841
22842
22845
22846
22849
22850
22853
22854
22857
22858
22861
22862
22865
22866
22869
22870
22873
22874
22877
22878
22881
22882
22885
22886
22889
22890
22893
22894
22897
22898
22901
22902
22905
22906
22909
22910
22913
22914
22917
22918
22921
22922
22925
22926
22929
22930
22933
22934
22937
22938
22941
22942
22945
22946
22949
22950
22953
22954
22957
22958
22961
22962
22965
22966
22969
22970
22973
22974
22977
22978
22985
22986
22989
22990
22993
22994
22997
22998
23001
23002
23005
23006
23009
23010
23013
23014
23017
23018
23029
23030
23033
23034
23037
23038
23041
23042
23045
23046
23049
23050
23053
23054
23057
23058
23061
23062
23065
23066
23069
23070
23077
23078
23081
23082
23085
23086
23089
23090
23093
23094
23097
23098
23101
23102
23105
23106
23109
23110
23113
23114
23117
23118
23121
23122
23125
23126
23129
23130
23133
23134
23137
23138
23141
23142
23145
23146
23149
23150
23157
23158
23161
23162
23165
23166
23169
23170
23173
23174
23177
23178
23181
23182
23185
23186
23189
23190
23193
23194
23197
23198
23201
23202
23205
23206
23209
23210
23213
23214
23217
23218
23221
23222
23225
23226
23229
23230
23233
23234
23237
23238
23241
23242
23245
23246
23249
23250
23253
23254
23257
23258
23261
23262
23265
23266
23269
23270
23273
23274
23277
23278
23281
23282
23285
23286
23289
23290
23293
23294
23297
23298
23301
23302
23305
23306
23309
23310
23313
23314
23317
23318
23321
23322
23325
23326
23329
23330
23333
23334
23337
23338
23341
23342
23345
23346
23349
23350
23353
23354
23357
23358
23361
23362
23369
23370
23373
23374
23377
23378
23385
23386
23389
23390
23397
23398
23401
23402
23405
23406
23409
23410
23413
23414
23417
23418
23421
23422
23425
23426
23429
23430
23433
23434
23437
23438
23441
23442
23445
23446
23449
23450
23453
23454
23457
23458
23461
23462
23465
23466
23469
23470
23473
23474
23477
23478
23481
23482
23485
23486
23489
23490
23493
23494
23497
23498
23501
23502
23505
23506
23509
23510
23513
23514
23517
23518
23521
23522
23525
23526
23533
23534
23537
23538
23541
23542
23545
23546
23549
23550
23553
23554
23557
23558
23561
23562
23565
23566
23569
23570
23573
23574
23577
23578
23581
23582
23585
23586
23589
23590
23593
23594
23597
23598
23601
23602
23605
23606
23609
23610
23613
23614
23617
23618
23621
23622
23625
23626
23629
23630
23633
23634
23641
23642
23645
23646
23649
23650
23653
23654
23657
23658
23661
23662
23665
23666
23669
23670
23673
23674
23677
23678
23681
23682
23685
23686
23689
23690
23693
23694
23697
23698
23701
23702
23705
23706
23713
23714
23717
23718
23721
23722
23725
23726
23729
23730
23733
23734
23737
23738
23745
23746
23749
23750
23753
23754
23757
23758
23765
23766
23769
23770
23773
23774
23777
23778
23781
23782
23785
23786
23789
23790
23797
23798
23801
23802
23805
23806
23809
23810
23813
23814
23817
23818
23821
23822
23825
23826
23829
23830
23833
23834
23837
23838
23841
23842
23845
23846
23853
23854
23857
23858
23861
23862
23865
23866
23869
23870
23873
23874
23877
23878
23881
23882
23885
23886
23893
23894
23897
23898
23901
23902
23905
23906
23909
23910
23917
23918
23921
23922
23925
23926
23929
23930
23933
23934
23937
23938
23941
23942
23945
23946
23949
23950
23953
23954
23957
23958
23961
23962
23965
23966
23969
23970
23973
23974
23977
23978
23985
23986
23989
23990
23993
23994
23997
23998
24001
24002
24005
24006
24009
24010
24013
24014
24017
24018
24021
24022
24025
24026
24029
24030
24033
24034
24037
24038
24041
24042
24045
24046
24049
24050
24061
24062
24065
24066
24069
24070
24073
24074
24077
24078
24081
24082
24085
24086
24093
24094
24097
24098
24101
24102
24105
24106
24109
24110
24113
24114
24117
24118
24121
24122
24133
24134
24137
24138
24141
24142
24145
24146
24149
24150
24153
24154
24157
24158
24161
24162
24165
24166
24169
24170
24173
24174
24177
24178
24181
24182
24185
24186
24189
24190
24193
24194
24197
24198
24201
24202
24205
24206
24209
24210
24213
24214
24217
24218
24221
24222
24225
24226
24229
24230
24233
24234
24237
24238
24241
24242
24245
24246
24249
24250
24253
24254
24257
24258
24261
24262
24265
24266
24269
24270
24273
24274
24277
24278
24285
24286
24289
24290
24293
24294
24297
24298
24301
24302
24305
24306
24309
24310
24313
24314
24317
24318
24325
24326
24329
24330
24333
24334
24337
24338
24341
24342
24353
24354
24357
24358
24361
24362
24365
24366
24369
24370
24373
24374
24377
24378
24381
24382
24385
24386
24389
24390
24393
24394
24397
24398
24401
24402
24405
24406
24409
24410
24413
24414
24417
24418
24421
24422
24425
24426
24433
24434
24437
24438
24441
24442
24445
24446
24449
24450
24453
24454
24457
24458
24461
24462
24465
24466
24469
24470
24477
24478
24481
24482
24485
24486
24489
24490
24497
24498
24501
24502
24505
24506
24509
24510
24513
24514
24517
24518
24521
24522
24525
24526
24529
24530
24537
24538
24541
24542
24545
24546
24549
24550
24553
24554
24557
24558
24561
24562
24565
24566
24569
24570
24577
24578
24581
24582
24589
24590
24593
24594
24597
24598
24601
24602
24605
24606
24609
24610
24613
24614
24617
24618
24621
24622
24625
24626
24629
24630
24633
24634
24637
24638
24641
24642
24661
24662
24665
24666
24671
24672
24675
24676
24679
24680
24683
24684
24687
24688
24691
24692
24695
24696
24699
24700
24703
24704
24707
24708
24711
24712
24723
24724
24727
24728
24731
24732
24735
24736
24739
24740
24747
24748
24753
24754
24761
24762
24765
24766
24769
24770
24773
24774
24777
24778
24781
24782
24786
24787
24790
24791
24794
24795
24798
24799
24802
24803
24806
24807
24810
24811
24814
24815
24826
24827
24830
24831
24837
24838
24841
24842
24845
24846
24849
24850
24862
24863
24866
24867
24870
24871
24874
24875
24879
24880
24883
24884
24895
24896
24899
24900
24903
24904
24907
24908
24911
24912
24920
24921
24924
24925
24928
24929
24932
24933
24936
24937
24944
24945
24949
24950
24953
24954
24957
24958
24961
24962
24965
24966
24969
24970
24973
24974
24977
24978
24981
24982
24985
24986
24989
24990
24993
24994
24997
24998
25001
25002
25006
25007
25010
25011
25014
25015
25018
25019
25022
25023
25026
25027
25030
25031
25034
25035
25038
25039
25042
25043
25047
25048
25055
25056
25059
25060
25063
25064
25067
25068
25071
25072
25075
25076
25079
25080
25095
25096
25099
25100
25105
25106
25109
25110
25113
25114
25118
25119
25122
25123
25136
25137
25144
25145
25148
25149
25153
25154
25157
25158
25161
25162
25165
25166
25169
25170
25174
25175
25178
25179
25182
25183
25186
25187
25190
25191
25194
25195
25198
25199
25202
25203
25210
25211
25214
25215
25218
25219
25222
25223
25226
25227
25230
25231
25234
25235
25238
25239
25242
25243
25246
25247
25250
25251
25254
25255
25258
25259
25262
25263
25266
25267
25270
25271
25274
25275
25278
25279
25283
25284
25287
25288
25291
25292
25295
25296
25299
25300
25303
25304
25307
25308
25312
25313
25316
25317
25322
25323
25326
25327
25331
25332
25335
25336
25339
25340
25343
25344
25348
25349
25352
25353
25356
25357
25360
25361
25364
25365
25368
25369
25372
25373
25376
25377
25380
25381
25392
25393
25396
25397
25400
25401
25405
25406
25409
25410
25417
25418
25421
25422
25425
25426
25429
25430
25433
25434
25437
25438
25441
25442
25445
25446
25449
25450
25453
25454
25457
25458
25461
25462
25465
25466
25469
25470
25473
25474
25477
25478
25481
25482
25485
25486
25489
25490
25493
25494
25497
25498
25501
25502
25505
25506
25509
25510
25513
25514
25517
25518
25521
25522
25525
25526
25529
25530
25533
25534
25537
25538
25541
25542
25545
25546
25549
25550
25553
25554
25557
25558
25561
25562
25565
25566
25569
25570
25577
25578
25581
25582
25585
25586
25589
25590
25594
25595
25598
25599
25602
25603
25606
25607
25610
25611
25614
25615
25618
25619
25622
25623
25626
25627
25630
25631
25634
25635
25638
25639
25642
25643
25646
25647
25650
25651
25654
25655
25659
25660
25663
25664
25667
25668
25671
25672
25675
25676
25679
25680
25683
25684
25687
25688
25691
25692
25695
25696
25699
25700
25703
25704
25707
25708
25712
25713
25716
25717
25720
25721
25724
25725
25728
25729
25732
25733
25736
25737
25740
25741
25744
25745
25748
25749
25752
25753
25760
25761
25764
25765
25768
25769
25773
25774
25777
25778
25781
25782
25785
25786
25789
25790
25793
25794
25797
25798
25801
25802
25805
25806
25809
25810
25813
25814
25817
25818
25821
25822
25825
25826
25829
25830
25833
25834
25837
25838
25841
25842
25845
25846
25849
25850
25853
25854
25857
25858
25861
25862
25865
25866
25869
25870
25873
25874
25877
25878
25881
25882
25885
25886
25889
25890
25897
25898
25901
25902
25905
25906
25913
25914
25917
25918
25921
25922
25925
25926
25929
25930
25933
25934
25937
25938
25941
25942
25949
25950
25953
25954
25957
25958
25961
25962
25965
25966
25969
25970
25973
25974
25977
25978
25981
25982
25985
25986
25989
25990
25993
25994
25997
25998
26003
26004
26007
26008
26011
26012
26015
26016
26020
26021
26024
26025
26028
26029
26032
26033
26036
26037
26040
26041
26048
26049
26052
26053
26056
26057
26060
26061
26065
26066
26069
26070
26074
26075
26078
26079
26082
26083
26086
26087
26090
26091
26094
26095
26098
26099
26102
26103
26112
26113
26116
26117
26120
26121
26129
26130
26133
26134
26137
26138
26141
26142
26153
26154
26157
26158
26161
26162
26165
26166
26169
26170
26173
26174
26177
26178
26181
26182
26185
26186
26189
26190
26194
26195
26198
26199
26202
26203
26206
26207
26210
26211
26214
26215
26218
26219
26222
26223
26226
26227
26230
26231
26234
26235
26238
26239
26242
26243
26246
26247
26250
26251
26254
26255
26258
26259
26262
26263
26266
26267
26270
26271
26274
26275
26278
26279
26282
26283
26286
26287
26290
26291
26294
26295
26298
26299
26302
26303
26306
26307
26310
26311
26314
26315
26318
26319
26322
26323
26326
26327
26330
26331
26334
26335
26338
26339
26342
26343
26346
26347
26350
26351
26362
26363
26374
26375
26378
26379
26382
26383
26386
26387
26390
26391
26394
26395
26398
26399
26402
26403
26406
26407
26411
26412
26415
26416
26419
26420
26423
26424
26427
26428
26431
26432
26435
26436
26439
26440
26447
26448
26451
26452
26455
26456
26459
26460
26463
26464
26471
26472
26475
26476
26483
26484
26487
26488
26491
26492
26495
26496
26499
26500
26503
26504
26507
26508
26511
26512
26515
26516
26519
26520
26523
26524
26527
26528
26531
26532
26535
26536
26543
26544
26547
26548
26551
26552
26555
26556
26559
26560
26563
26564
27271
27272
27275
27276
27279
27280
27283
27284
27287
27288
27291
27292
27299
27300
27303
27304
27307
27308
27311
27312
27315
27316
27322
27323
27326
27327
27330
27331
27334
27335
27338
27339
27342
27343
27346
27347
27350
27351
27354
27355
27358
27359
27362
27363
27366
27367
27370
27371
27378
27379
27382
27383
27386
27387
27390
27391
27394
27395
27398
27399
27402
27403
27414
27415
27418
27419
27422
27423
27426
27427
27430
27431
27434
27435
27438
27439
27442
27443
27446
27447
27450
27451
27454
27455
27458
27459
27462
27463
27466
27467
27470
27471
27474
27475
27478
27479
27482
27483
27486
27487
27490
27491
27494
27495
27498
27499
27502
27503
27507
27508
27511
27512
27515
27516
27519
27520
27523
27524
27527
27528
27531
27532
27535
27536
27539
27540
27543
27544
27547
27548
27552
27553
27556
27557
27560
27561
27564
27565
27571
27572
27575
27576
27579
27580
27583
27584
27587
27588
27591
27592
27595
27596
27603
27604
27607
27608
27611
27612
27615
27616
27619
27620
27623
27624
27627
27628
27631
27632
27635
27636
27639
27640
27643
27644
27647
27648
27651
27652
27655
27656
27659
27660
27663
27664
27667
27668
27671
27672
27675
27676
27679
27680
27683
27684
27687
27688
27691
27692
27695
27696
27699
27700
27703
27704
27707
27708
27711
27712
27715
27716
27719
27720
27723
27724
27727
27728
27731
27732
27735
27736
27739
27740
27743
27744
27747
27748
27751
27752
27755
27756
27759
27760
27763
27764
27771
27772
27775
27776
27779
27780
27783
27784
27787
27788
27791
27792
27795
27796
27799
27800
27803
27804
27807
27808
27811
27812
27815
27816
27819
27820
27823
27824
27827
27828
27831
27832
27839
27840
27843
27844
27847
27848
27851
27852
27855
27856
27859
27860
27863
27864
27867
27868
27871
27872
27875
27876
27879
27880
27883
27884
27887
27888
27891
27892
27895
27896
27899
27900
27903
27904
27907
27908
27915
27916
27919
27920
27923
27924
27927
27928
27931
27932
27935
27936
27939
27940
27943
27944
27947
27948
27951
27952
27955
27956
27959
27960
27963
27964
27967
27968
27971
27972
27975
27976
27979
27980
27983
27984
27987
27988
27991
27992
27995
27996
27999
28000
28003
28004
28007
28008
28011
28012
28015
28016
28019
28020
28023
28024
28027
28028
28031
28032
28035
28036
28039
28040
28043
28044
28047
28048
28051
28052
28055
28056
28059
28060
28063
28064
28067
28068
28071
28072
28075
28076
28079
28080
28083
28084
28087
28088
28091
28092
28095
28096
28099
28100
28103
28104
28107
28108
28111
28112
28119
28120
28123
28124
28127
28128
28131
28132
28135
28136
28139
28140
28143
28144
28147
28148
28151
28152
28155
28156
28159
28160
28163
28164
28167
28168
28171
28172
28175
28176
28179
28180
28183
28184
28187
28188
28191
28192
28195
28196
28199
28200
28203
28204
28207
28208
28211
28212
28215
28216
28219
28220
28223
28224
28227
28228
28231
28232
28235
28236
28239
28240
28243
28244
28247
28248
28251
28252
28255
28256
28259
28260
28263
28264
28267
28268
28271
28272
28275
28276
28279
28280
28283
28284
28291
28292
28295
28296
28299
28300
28303
28304
28307
28308
28311
28312
28315
28316
28319
28320
28323
28324
28327
28328
28331
28332
28335
28336
28339
28340
28343
28344
28347
28348
28351
28352
28355
28356
28359
28360
28363
28364
28367
28368
28371
28372
28375
28376
28379
28380
28383
28384
28387
28388
28391
28392
28395
28396
28399
28400
28403
28404
28407
28408
28411
28412
28415
28416
28419
28420
28423
28424
28427
28428
28431
28432
28435
28436
28439
28440
28443
28444
28447
28448
28451
28452
28455
28456
28459
28460
28463
28464
28467
28468
28471
28472
28475
28476
28479
28480
28487
28488
28491
28492
28499
28500
28503
28504
28507
28508
28511
28512
28515
28516
28519
28520
28523
28524
28527
28528
28531
28532
28535
28536
28539
28540
28543
28544
28547
28548
28551
28552
28555
28556
28559
28560
28563
28564
28567
28568
28571
28572
28575
28576
28579
28580
28583
28584
28599
28600
28603
28604
28607
28608
28611
28612
28615
28616
28619
28620
28624
28625
28628
28629
28636
28637
28640
28641
28644
28645
28648
28649
28652
28653
28656
28657
28660
28661
28664
28665
28668
28669
28672
28673
28676
28677
28680
28681
28684
28685
28688
28689
28696
28697
28700
28701
28704
28705
28708
28709
28712
28713
28716
28717
28720
28721
28724
28725
28728
28729
28732
28733
28736
28737
28740
28741
28744
28745
28748
28749
28752
28753
28760
28761
28772
28773
28776
28777
28780
28781
28784
28785
28788
28789
28792
28793
28796
28797
28800
28801
28804
28805
28808
28809
28812
28813
28816
28817
28820
28821
28824
28825
28828
28829
28832
28833
28836
28837
28840
28841
28844
28845
28848
28849
28852
28853
28856
28857
28860
28861
28864
28865
28868
28869
28872
28873
28876
28877
28880
28881
28884
28885
28888
28889
28892
28893
28896
28897
28900
28901
28904
28905
28908
28909
28912
28913
28916
28917
28920
28921
28924
28925
28928
28929
28932
28933
28936
28937
28940
28941
28944
28945
28948
28949
28952
28953
28956
28957
28960
28961
28964
28965
28968
28969
28972
28973
28976
28977
28980
28981
28984
28985
28988
28989
28992
28993
28996
28997
29000
29001
29004
29005
29008
29009
29012
29013
29016
29017
29020
29021
29024
29025
29028
29029
29032
29033
29036
29037
29040
29041
29044
29045
29052
29053
29060
29061
29068
29069
29076
29077
29080
29081
29084
29085
29088
29089
29096
29097
29104
29105
29108
29109
29112
29113
29116
29117
29124
29125
29132
29133
29140
29141
29148
29149
29156
29157
29164
29165
29176
29177
29184
29185
29188
29189
29192
29193
29200
29201
29204
29205
29212
29213
29216
29217
29224
29225
29228
29229
29232
29233
29240
29241
29244
29245
29248
29249
29252
29253
29256
29257
29260
29261
29264
29265
29268
29269
29276
29277
29280
29281
29284
29285
29288
29289
29292
29293
29296
29297
29304
29305
29308
29309
29312
29313
29316
29317
29320
29321
29324
29325
29328
29329
29332
29333
29336
29337
29340
29341
29344
29345
29348
29349
29352
29353
29356
29357
29360
29361
29364
29365
29368
29369
29372
29373
29376
29377
29380
29381
29384
29385
29388
29389
29392
29393
29396
29397
29400
29401
29404
29405
29408
29409
29412
29413
29416
29417
29420
29421
29424
29425
29428
29429
29432
29433
29436
29437
29440
29441
29444
29445
29448
29449
29452
29453
29456
29457
29460
29461
29464
29465
29468
29469
29472
29473
29476
29477
29480
29481
29484
29485
29488
29489
29492
29493
29496
29497
29500
29501
29504
29505
29508
29509
29512
29513
29548
29549
29552
29553
29556
29557
29560
29561
29564
29565
29568
29569
29572
29573
29576
29577
29580
29581
29584
29585
29588
29589
29592
29593
29596
29597
29600
29601
29604
29605
29608
29609
29612
29613
29616
29617
29620
29621
29624
29625
29628
29629
29632
29633
29636
29637
29640
29641
29644
29645
29648
29649
29652
29653
29656
29657
29660
29661
29664
29665
29668
29669
29672
29673
29676
29677
29680
29681
29684
29685
29688
29689
29692
29693
29700
29701
29704
29705
29712
29713
29716
29717
29724
29725
29728
29729
29732
29733
29736
29737
29744
29745
29748
29749
29752
29753
29756
29757
29760
29761
29764
29765
29768
29769
29772
29773
29776
29777
29780
29781
29784
29785
29788
29789
29792
29793
29796
29797
29800
29801
29804
29805
29808
29809
29812
29813
29816
29817
29820
29821
29824
29825
29828
29829
29832
29833
29836
29837
29840
29841
29844
29845
29848
29849
29852
29853
29856
29857
29860
29861
29864
29865
29868
29869
29872
29873
29876
29877
29880
29881
29884
29885
29888
29889
29892
29893
29896
29897
29900
29901
29904
29905
29908
29909
29916
29917
29920
29921
29924
29925
29928
29929
29932
29933
29936
29937
29940
29941
29944
29945
29948
29949
29952
29953
29956
29957
29960
29961
29964
29965
29968
29969
29972
29973
29976
29977
29980
29981
29984
29985
29988
29989
29992
29993
29996
29997
30000
30001
30004
30005
30008
30009
30012
30013
30016
30017
30020
30021
30024
30025
30028
30029
30032
30033
30036
30037
30040
30041
30044
30045
30048
30049
30052
30053
30056
30057
30060
30061
30064
30065
30068
30069
30072
30073
30076
30077
30080
30081
30084
30085
30088
30089
30100
30101
30104
30105
30108
30109
30112
30113
30116
30117
30120
30121
30124
30125
30132
30133
30136
30137
30140
30141
30144
30145
30148
30149
30152
30153
30156
30157
30168
30169
30172
30173
30176
30177
30180
30181
30184
30185
30188
30189
30192
30193
30196
30197
30200
30201
30204
30205
30208
30209
30212
30213
30220
30221
30224
30225
30228
30229
30232
30233
30236
30237
30244
30245
30248
30249
30264
30265
30268
30269
30272
30273
30276
30277
30280
30281
30284
30285
30292
30293
30296
30297
30300
30301
30304
30305
30308
30309
30312
30313
30316
30317
30320
30321
30324
30325
30328
30329
30332
30333
30336
30337
30340
30341
30344
30345
30348
30349
30352
30353
30356
30357
30360
30361
30364
30365
30368
30369
30372
30373
30376
30377
30380
30381
30384
30385
30388
30389
30392
30393
30400
30401
30404
30405
30408
30409
30412
30413
30416
30417
30424
30425
30428
30429
30432
30433
30436
30437
30440
30441
30444
30445
30448
30449
30452
30453
30456
30457
30460
30461
30464
30465
30468
30469
30472
30473
30476
30477
30480
30481
30484
30485
30488
30489
30492
30493
30496
30497
30500
30501
30504
30505
30508
30509
30512
30513
30516
30517
30520
30521
30524
30525
30528
30529
30532
30533
30536
30537
30540
30541
30544
30545
30548
30549
30552
30553
30556
30557
30560
30561
30564
30565
30568
30569
30572
30573
30576
30577
30580
30581
30584
30585
30588
30589
30592
30593
30596
30597
30600
30601
30604
30605
30608
30609
30612
30613
30616
30617
30620
30621
30624
30625
30628
30629
30632
30633
30640
30641
30644
30645
30648
30649
30656
30657
30660
30661
30664
30665
30672
30673
30676
30677
30680
30681
30684
30685
30688
30689
30692
30693
30696
30697
30700
30701
30704
30705
30708
30709
30712
30713
30716
30717
30720
30721
30724
30725
30728
30729
30732
30733
30736
30737
30740
30741
30744
30745
30748
30749
30752
30753
30756
30757
30760
30761
30764
30765
30768
30769
30772
30773
30776
30777
30780
30781
30784
30785
30788
30789
30792
30793
30796
30797
30800
30801
30804
30805
30808
30809
30816
30817
30820
30821
30824
30825
30828
30829
30832
30833
30836
30837
30840
30841
30844
30845
30848
30849
30852
30853
30856
30857
30860
30861
30864
30865
30868
30869
30872
30873
30876
30877
30880
30881
30884
30885
30888
30889
30892
30893
30896
30897
30900
30901
30904
30905
30908
30909
30912
30913
30916
30917
30920
30921
30924
30925
30928
30929
30932
30933
30936
30937
30940
30941
30944
30945
30948
30949
30952
30953
30956
30957
30960
30961
30964
30965
30968
30969
30972
30973
30976
30977
30980
30981
30984
30985
30988
30989
30992
30993
30996
30997
31000
31001
31004
31005
31008
31009
31012
31013
31016
31017
31020
31021
31024
31025
31028
31029
31032
31033
31036
31037
31040
31041
31044
31045
31048
31049
31052
31053
31056
31057
31060
31061
31068
31069
31072
31073
31076
31077
31080
31081
31084
31085
31088
31089
31092
31093
31104
31105
31108
31109
31112
31113
31116
31117
31120
31121
31128
31129
31132
31133
31136
31137
31140
31141
31144
31145
31148
31149
31152
31153
31156
31157
31160
31161
31164
31165
31168
31169
31172
31173
31176
31177
31180
31181
31184
31185
31188
31189
31192
31193
31196
31197
31200
31201
31204
31205
31208
31209
31212
31213
31216
31217
31220
31221
31224
31225
31228
31229
31232
31233
31236
31237
31240
31241
31244
31245
31248
31249
31252
31253
31256
31257
31260
31261
31264
31265
31268
31269
31272
31273
31276
31277
31280
31281
31284
31285
31288
31289
31296
31297
31300
31301
31304
31305
31312
31313
31316
31317
31320
31321
31324
31325
31328
31329
31332
31333
31336
31337
31340
31341
31344
31345
31348
31349
31352
31353
31356
31357
31360
31361
31368
31369
31372
31373
31376
31377
31380
31381
31384
31385
31388
31389
31392
31393
31396
31397
31400
31401
31404
31405
31408
31409
31416
31417
31420
31421
31424
31425
31428
31429
31432
31433
31436
31437
31440
31441
31444
31445
31448
31449
31452
31453
31456
31457
31460
31461
31464
31465
31468
31469
31472
31473
31476
31477
31480
31481
31484
31485
31488
31489
31492
31493
31496
31497
31500
31501
31504
31505
31508
31509
31512
31513
31516
31517
31520
31521
31524
31525
31528
31529
31532
31533
31536
31537
31540
31541
31544
31545
31548
31549
31552
31553
31556
31557
31560
31561
31564
31565
31568
31569
31572
31573
31576
31577
31580
31581
31584
31585
31588
31589
31596
31597
31600
31601
31604
31605
31608
31609
31612
31613
31616
31617
31620
31621
31624
31625
31628
31629
31632
31633
31636
31637
31640
31641
31644
31645
31648
31649
31652
31653
31656
31657
31660
31661
31664
31665
31668
31669
31672
31673
31676
31677
31680
31681
31684
31685
31688
31689
31692
31693
31696
31697
31700
31701
31704
31705
31708
31709
31712
31713
31716
31717
31720
31721
31724
31725
31728
31729
31732
31733
31736
31737
31740
31741
31744
31745
31748
31749
31752
31753
31756
31757
31760
31761
31764
31765
31768
31769
31772
31773
31776
31777
31780
31781
31784
31785
31788
31789
31792
31793
31796
31797
31800
31801
31804
31805
31808
31809
31812
31813
31816
31817
31820
31821
31824
31825
31828
31829
31832
31833
31836
31837
31840
31841
31844
31845
31848
31849
31852
31853
31856
31857
31860
31861
31864
31865
31868
31869
31872
31873
31876
31877
31880
31881
31884
31885
31888
31889
31892
31893
31896
31897
31900
31901
31908
31909
31912
31913
31916
31917
31920
31921
31928
31929
31940
31941
31944
31945
31948
31949
31952
31953
31956
31957
31960
31961
31964
31965
31968
31969
31972
31973
31976
31977
31980
31981
31984
31985
31988
31989
31992
31993
31996
31997
32000
32001
32004
32005
32008
32009
32012
32013
32016
32017
32020
32021
32024
32025
32028
32029
32032
32033
32036
32037
32040
32041
32044
32045
32048
32049
32052
32053
32060
32061
32064
32065
32068
32069
32072
32073
32076
32077
32080
32081
32084
32085
32092
32093
32096
32097
32100
32101
32104
32105
32108
32109
32112
32113
32116
32117
32120
32121
32124
32125
32128
32129
32132
32133
32136
32137
32140
32141
32144
32145
32148
32149
32152
32153
32156
32157
32160
32161
32164
32165
32168
32169
32172
32173
32176
32177
32180
32181
32184
32185
32188
32189
32192
32193
32196
32197
32200
32201
32204
32205
32208
32209
32212
32213
32216
32217
32220
32221
32224
32225
32228
32229
32232
32233
32236
32237
32240
32241
32244
32245
32248
32249
32252
32253
32256
32257
32260
32261
32264
32265
32268
32269
32272
32273
32276
32277
32280
32281
32284
32285
32288
32289
32292
32293
32296
32297
32300
32301
32304
32305
32308
32309
32312
32313
32324
32325
32328
32329
32332
32333
32336
32337
32340
32341
32344
32345
32348
32349
32352
32353
32356
32357
32360
32361
32364
32365
32368
32369
32372
32373
32376
32377
32380
32381
32384
32385
32388
32389
32392
32393
32396
32397
32400
32401
32404
32405
32408
32409
32412
32413
32416
32417
32420
32421
32424
32425
32428
32429
32432
32433
32436
32437
32440
32441
32444
32445
32456
32457
32460
32461
32464
32465
32468
32469
32472
32473
32476
32477
32480
32481
32484
32485
32488
32489
32492
32493
32496
32497
32500
32501
32504
32505
32508
32509
32512
32513
32516
32517
32520
32521
32524
32525
32528
32529
32532
32533
32536
32537
32540
32541
32544
32545
32548
32549
32552
32553
32556
32557
32560
32561
32564
32565
32568
32569
32572
32573
32576
32577
32580
32581
32584
32585
32588
32589
32592
32593
32596
32597
32600
32601
32604
32605
32608
32609
32612
32613
32616
32617
32620
32621
32624
32625
32628
32629
32632
32633
32636
32637
32640
32641
32644
32645
32648
32649
32652
32653
32656
32657
32660
32661
32664
32665
32668
32669
32672
32673
32676
32677
32680
32681
32684
32685
32688
32689
32692
32693
32696
32697
32700
32701
32704
32705
32708
32709
32712
32713
32716
32717
32720
32721
32724
32725
32728
32729
32732
32733
32736
32737
32740
32741
32744
32745
32748
32749
32752
32753
32756
32757
32760
32761
32764
32765
32768
32769
32772
32773
32776
32777
32780
32781
32784
32785
32788
32789
32792
32793
32796
32797
32800
32801
32804
32805
32808
32809
32812
32813
32816
32817
32820
32821
32824
32825
32828
32829
32832
32833
32836
32837
32844
32845
32848
32849
32852
32853
32856
32857
32860
32861
32864
32865
32868
32869
32872
32873
32876
32877
32880
32881
32884
32885
32888
32889
32892
32893
32896
32897
32900
32901
32904
32905
32908
32909
32912
32913
32916
32917
32920
32921
32924
32925
32928
32929
32932
32933
32936
32937
32940
32941
32944
32945
32948
32949
32952
32953
32956
32957
32960
32961
32964
32965
32968
32969
32972
32973
32976
32977
32980
32981
32984
32985
32988
32989
32992
32993
32996
32997
33000
33001
33004
33005
33008
33009
33012
33013
33016
33017
33020
33021
33024
33025
33028
33029
33032
33033
33036
33037
33040
33041
33044
33045
33048
33049
33052
33053
33056
33057
33060
33061
33064
33065
33068
33069
33072
33073
33076
33077
33080
33081
33084
33085
33088
33089
33092
33093
33096
33097
33100
33101
33104
33105
33108
33109
33112
33113
33116
33117
33120
33121
33124
33125
33128
33129
33132
33133
33136
33137
33140
33141
33144
33145
33148
33149
33152
33153
33156
33157
33160
33161
33164
33165
33168
33169
33172
33173
33176
33177
33180
33181
33184
33185
33188
33189
33192
33193
33196
33197
33200
33201
33204
33205
33208
33209
33212
33213
33216
33217
33220
33221
33224
33225
33228
33229
33232
33233
33236
33237
33240
33241
33244
33245
33248
33249
33252
33253
33256
33257
33260
33261
33264
33265
33272
33273
33276
33277
33280
33281
33284
33285
33288
33289
33292
33293
33296
33297
33300
33301
33308
33309
33312
33313
33316
33317
33320
33321
33324
33325
33336
33337
33340
33341
33344
33345
33348
33349
33352
33353
33360
33361
33364
33365
33368
33369
33372
33373
33376
33377
33380
33381
33384
33385
33388
33389
33392
33393
33396
33397
33400
33401
33404
33405
33408
33409
33412
33413
33416
33417
33420
33421
33424
33425
33428
33429
33432
33433
33436
33437
33440
33441
33448
33449
33452
33453
33456
33457
33460
33461
33464
33465
33468
33469
33472
33473
33476
33477
33480
33481
33484
33485
33488
33489
33492
33493
33496
33497
33500
33501
33504
33505
33508
33509
33516
33517
33520
33521
33524
33525
33528
33529
33536
33537
33540
33541
33544
33545
33548
33549
33552
33553
33556
33557
33560
33561
33564
33565
33568
33569
33572
33573
33576
33577
33580
33581
33584
33585
33588
33589
33592
33593
33596
33597
33600
33601
33604
33605
33608
33609
33612
33613
33616
33617
33620
33621
33624
33625
33628
33629
33632
33633
33636
33637
33640
33641
33644
33645
33648
33649
33652
33653
33656
33657
33660
33661
33664
33665
33668
33669
33672
33673
33676
33677
33680
33681
33684
33685
33688
33689
33692
33693
33696
33697
33700
33701
33704
33705
33708
33709
33712
33713
33716
33717
33720
33721
33724
33725
33728
33729
33732
33733
33740
33741
33744
33745
33748
33749
33752
33753
33756
33757
33760
33761
33764
33765
33768
33769
33772
33773
33776
33777
33780
33781
33784
33785
33788
33789
33792
33793
33796
33797
33800
33801
33804
33805
33808
33809
33812
33813
33816
33817
33820
33821
33824
33825
33828
33829
33836
33837
33840
33841
33844
33845
33848
33849
33852
33853
33856
33857
33860
33861
33864
33865
33868
33869
33872
33873
33876
33877
33880
33881
33884
33885
33888
33889
33892
33893
33896
33897
33900
33901
33908
33909
33912
33913
33916
33917
33920
33921
33924
33925
33928
33929
33932
33933
33936
33937
33940
33941
33944
33945
33948
33949
33952
33953
33956
33957
33960
33961
33964
33965
33968
33969
33972
33973
33976
33977
33980
33981
33984
33985
33988
33989
33992
33993
33996
33997
34000
34001
34004
34005
34008
34009
34012
34013
34016
34017
34020
34021
34024
34025
34028
34029
34032
34033
34036
34037
34040
34041
34044
34045
34048
34049
34052
34053
34056
34057
34060
34061
34064
34065
34068
34069
34072
34073
34076
34077
34080
34081
34084
34085
34088
34089
34092
34093
34096
34097
34100
34101
34104
34105
34108
34109
34112
34113
34116
34117
34120
34121
34124
34125
34128
34129
34132
34133
34136
34137
34140
34141
34144
34145
34148
34149
34152
34153
34156
34157
34160
34161
34164
34165
34168
34169
34172
34173
34176
34177
34180
34181
34184
34185
34188
34189
34192
34193
34196
34197
34200
34201
34204
34205
34208
34209
34212
34213
34216
34217
34220
34221
34224
34225
34228
34229
34232
34233
34236
34237
34240
34241
34244
34245
34248
34249
34252
34253
34256
34257
34260
34261
34264
34265
34268
34269
34272
34273
34276
34277
34284
34285
34288
34289
34292
34293
34296
34297
34300
34301
34304
34305
34308
34309
34312
34313
34328
34329
34332
34333
34336
34337
34340
34341
34344
34345
34348
34349
34352
34353
34360
34361
34364
34365
34368
34369
34372
34373
34376
34377
34380
34381
34384
34385
34388
34389
34392
34393
34396
34397
34400
34401
34404
34405
34408
34409
34412
34413
34416
34417
34420
34421
34424
34425
34428
34429
34432
34433
34436
34437
34444
34445
34448
34449
34452
34453
34456
34457
34460
34461
34464
34465
34468
34469
34472
34473
34476
34477
34480
34481
34484
34485
34488
34489
34492
34493
34496
34497
34500
34501
34504
34505
34508
34509
34512
34513
34516
34517
34520
34521
34524
34525
34528
34529
34532
34533
34536
34537
34540
34541
34544
34545
34548
34549
34552
34553
34556
34557
34560
34561
34564
34565
34568
34569
34572
34573
34576
34577
34580
34581
34584
34585
34588
34589
34592
34593
34596
34597
34600
34601
34604
34605
34608
34609
34612
34613
34616
34617
34620
34621
34628
34629
34632
34633
34636
34637
34640
34641
34644
34645
34648
34649
34652
34653
34656
34657
34660
34661
34664
34665
34668
34669
34672
34673
34676
34677
34680
34681
34684
34685
34692
34693
34696
34697
34700
34701
34704
34705
34708
34709
34712
34713
34716
34717
34720
34721
34724
34725
34728
34729
34732
34733
34736
34737
34740
34741
34744
34745
34748
34749
34752
34753
34756
34757
34760
34761
34764
34765
34768
34769
34772
34773
34776
34777
34780
34781
34784
34785
34788
34789
34792
34793
34796
34797
34800
34801
34804
34805
34808
34809
34812
34813
34816
34817
34820
34821
34824
34825
34832
34833
34836
34837
34840
34841
34844
34845
34848
34849
34852
34853
34856
34857
34860
34861
34868
34869
34872
34873
34876
34877
34880
34881
34884
34885
34888
34889
34892
34893
34896
34897
34900
34901
34904
34905
34908
34909
34912
34913
34916
34917
34920
34921
34924
34925
34928
34929
34932
34933
34936
34937
34940
34941
34944
34945
34948
34949
34952
34953
34956
34957
34960
34961
34964
34965
34968
34969
34972
34973
34976
34977
34980
34981
34984
34985
34988
34989
34992
34993
34996
34997
35000
35001
35004
35005
35008
35009
35012
35013
35016
35017
35020
35021
35024
35025
35028
35029
35032
35033
35036
35037
35040
35041
35044
35045
35048
35049
35052
35053
35056
35057
35060
35061
35064
35065
35068
35069
35072
35073
35076
35077
35080
35081
35084
35085
35088
35089
35092
35093
35096
35097
35100
35101
35104
35105
35108
35109
35112
35113
35116
35117
35120
35121
35124
35125
35128
35129
35132
35133
35136
35137
35140
35141
35144
35145
35148
35149
35152
35153
35156
35157
35160
35161
35164
35165
35168
35169
35172
35173
35176
35177
35180
35181
35184
35185
35192
35193
35196
35197
35200
35201
35208
35209
35212
35213
35216
35217
35220
35221
35224
35225
35228
35229
35232
35233
35236
35237
35240
35241
35244
35245
35248
35249
35252
35253
35256
35257
35260
35261
35264
35265
35268
35269
35272
35273
35276
35277
35280
35281
35288
35289
35292
35293
35296
35297
35300
35301
35304
35305
35308
35309
35312
35313
35316
35317
35320
35321
35324
35325
35328
35329
35332
35333
35336
35337
35340
35341
35344
35345
35348
35349
35352
35353
35356
35357
35360
35361
35364
35365
35368
35369
35372
35373
35376
35377
35380
35381
35384
35385
35388
35389
35392
35393
35400
35401
35404
35405
35408
35409
35412
35413
35416
35417
35420
35421
35424
35425
35428
35429
35432
35433
35436
35437
35440
35441
35444
35445
35448
35449
35456
35457
35460
35461
35464
35465
35468
35469
35472
35473
35476
35477
35480
35481
35484
35485
35488
35489
35496
35497
35500
35501
35504
35505
35508
35509
35512
35513
35516
35517
35520
35521
35524
35525
35528
35529
35532
35533
35536
35537
35540
35541
35544
35545
35548
35549
35556
35557
35560
35561
35564
35565
35568
35569
35572
35573
35576
35577
35580
35581
35584
35585
35588
35589
35592
35593
35596
35597
35600
35601
35604
35605
35608
35609
35612
35613
35616
35617
35620
35621
35624
35625
35628
35629
35632
35633
35636
35637
35640
35641
35644
35645
35648
35649
35652
35653
35656
35657
35660
35661
35664
35665
35668
35669
35672
35673
35676
35677
35680
35681
35684
35685
35688
35689
35692
35693
35696
35697
35700
35701
35704
35705
35708
35709
35712
35713
35716
35717
35720
35721
35724
35725
35728
35729
35732
35733
35736
35737
35740
35741
35744
35745
35748
35749
35752
35753
35756
35757
35760
35761
35764
35765
35768
35769
35772
35773
35776
35777
35780
35781
35784
35785
35788
35789
35792
35793
35796
35797
35800
35801
35804
35805
35808
35809
35812
35813
35816
35817
35820
35821
35824
35825
35828
35829
35832
35833
35836
35837
35840
35841
35844
35845
35848
35849
35852
35853
35856
35857
35860
35861
35864
35865
35868
35869
35872
35873
35876
35877
35880
35881
35884
35885
35888
35889
35892
35893
35896
35897
35900
35901
35904
35905
35908
35909
35912
35913
35916
35917
35920
35921
35924
35925
35928
35929
35932
35933
35936
35937
35940
35941
35944
35945
35948
35949
35952
35953
35956
35957
35960
35961
35964
35965
35968
35969
35972
35973
35976
35977
35980
35981
35984
35985
35988
35989
35992
35993
35996
35997
36000
36001
36004
36005
36008
36009
36012
36013
36016
36017
36020
36021
36024
36025
36028
36029
36036
36037
36040
36041
36044
36045
36048
36049
36052
36053
36056
36057
36060
36061
36064
36065
36068
36069
36072
36073
36080
36081
36084
36085
36088
36089
36096
36097
36100
36101
36104
36105
36108
36109
36112
36113
36116
36117
36120
36121
36124
36125
36128
36129
36132
36133
36136
36137
36140
36141
36144
36145
36148
36149
36152
36153
36156
36157
36160
36161
36164
36165
36168
36169
36172
36173
36176
36177
36180
36181
36184
36185
36188
36189
36192
36193
36196
36197
36200
36201
36204
36205
36208
36209
36212
36213
36216
36217
36220
36221
36224
36225
36228
36229
36232
36233
36236
36237
36240
36241
36244
36245
36248
36249
36252
36253
36256
36257
36260
36261
36264
36265
36268
36269
36272
36273
36276
36277
36280
36281
36284
36285
36288
36289
36292
36293
36296
36297
36300
36301
36304
36305
36308
36309
36312
36313
36316
36317
36320
36321
36324
36325
36328
36329
36332
36333
36336
36337
36340
36341
36344
36345
36348
36349
36352
36353
36356
36357
36364
36365
36368
36369
36372
36373
36376
36377
36380
36381
36384
36385
36388
36389
36392
36393
36396
36397
36400
36401
36404
36405
36408
36409
36412
36413
36416
36417
36420
36421
36424
36425
36428
36429
36432
36433
36436
36437
36440
36441
36444
36445
36448
36449
36452
36453
36456
36457
36460
36461
36464
36465
36468
36469
36472
36473
36476
36477
36480
36481
36484
36485
36488
36489
36492
36493
36496
36497
36500
36501
36504
36505
36508
36509
36512
36513
36516
36517
36520
36521
36524
36525
36528
36529
36532
36533
36536
36537
36540
36541
36544
36545
36548
36549
36552
36553
36556
36557
36560
36561
36564
36565
36568
36569
36572
36573
36576
36577
36580
36581
36584
36585
36588
36589
36592
36593
36596
36597
36600
36601
36604
36605
36608
36609
36612
36613
36616
36617
36620
36621
36624
36625
36628
36629
36632
36633
36636
36637
36644
36645
36648
36649
36652
36653
36656
36657
36660
36661
36664
36665
36668
36669
36672
36673
36676
36677
36680
36681
36684
36685
36688
36689
36692
36693
36696
36697
36700
36701
36704
36705
36708
36709
36712
36713
36716
36717
36720
36721
36724
36725
36732
36733
36740
36741
36744
36745
36748
36749
36752
36753
36756
36757
36760
36761
36764
36765
36768
36769
36772
36773
36776
36777
36780
36781
36784
36785
36788
36789
36792
36793
36796
36797
36800
36801
36804
36805
36808
36809
36812
36813
36816
36817
36820
36821
36824
36825
36828
36829
36832
36833
36836
36837
36840
36841
36844
36845
36848
36849
36852
36853
36856
36857
36860
36861
36864
36865
36868
36869
36872
36873
36876
36877
36880
36881
36884
36885
36888
36889
